o Sphere
v 0.000000 0.980785 -0.195090
v 0.000000 0.923880 -0.382683
v 0.000000 0.831470 -0.555570
v 0.000000 0.707107 -0.707107
v 0.000000 0.555570 -0.831470
v 0.000000 0.382683 -0.923880
v 0.000000 0.195090 -0.980785
v 0.000000 0.000000 -1.000000
v 0.000000 -0.195090 -0.980785
v 0.000000 -0.831470 -0.555570
v 0.038060 0.980785 -0.191342
v 0.074658 0.923880 -0.375330
v 0.108386 0.831470 -0.544895
v 0.137950 0.707107 -0.693520
v 0.162212 0.555570 -0.815493
v 0.180240 0.382683 -0.906127
v 0.191342 0.195090 -0.961940
v 0.195090 0.000000 -0.980785
v 0.191342 -0.195090 -0.961940
v 0.180240 -0.382683 -0.906127
v 0.162212 -0.555570 -0.815493
v 0.137950 -0.707107 -0.693520
v 0.108386 -0.831470 -0.544895
v 0.074658 -0.923880 -0.375330
v 0.038060 -0.980785 -0.191341
v 0.074658 0.980785 -0.180240
v 0.146447 0.923880 -0.353553
v 0.212608 0.831470 -0.513280
v 0.270598 0.707107 -0.653281
v 0.318190 0.555570 -0.768178
v 0.353553 0.382683 -0.853553
v 0.375330 0.195090 -0.906127
v 0.382684 0.000000 -0.923879
v 0.375330 -0.195090 -0.906127
v 0.353554 -0.382683 -0.853553
v 0.318190 -0.555570 -0.768178
v 0.270598 -0.707107 -0.653281
v 0.212608 -0.831470 -0.513280
v 0.146447 -0.923880 -0.353553
v 0.074658 -0.980785 -0.180240
v 0.108387 0.980785 -0.162212
v 0.212608 0.923880 -0.318190
v 0.308658 0.831470 -0.461940
v 0.392848 0.707107 -0.587938
v 0.461940 0.555570 -0.691342
v 0.513280 0.382683 -0.768178
v 0.544895 0.195090 -0.815493
v 0.555570 0.000000 -0.831469
v 0.544895 -0.195090 -0.815493
v 0.513280 -0.382683 -0.768178
v 0.461940 -0.555570 -0.691342
v 0.392848 -0.707107 -0.587938
v 0.308658 -0.831470 -0.461940
v 0.212608 -0.923880 -0.318189
v 0.108386 -0.980785 -0.162211
v 0.137950 0.980785 -0.137950
v 0.270598 0.923880 -0.270598
v 0.392848 0.831470 -0.392847
v 0.500000 0.707107 -0.500000
v 0.587938 0.555570 -0.587938
v 0.653282 0.382683 -0.653281
v 0.693520 0.195090 -0.693520
v 0.707107 0.000000 -0.707107
v 0.693520 -0.195090 -0.693520
v 0.653282 -0.382683 -0.653281
v 0.587938 -0.555570 -0.587938
v 0.500000 -0.707107 -0.500000
v 0.392848 -0.831470 -0.392847
v 0.270598 -0.923880 -0.270598
v 0.137950 -0.980785 -0.137949
v 0.162212 0.980785 -0.108386
v 0.318190 0.923880 -0.212607
v 0.461940 0.831470 -0.308658
v 0.587938 0.707107 -0.392847
v 0.691342 0.555570 -0.461940
v 0.768178 0.382683 -0.513280
v 0.815493 0.195090 -0.544895
v 0.831470 0.000000 -0.555570
v 0.815493 -0.195090 -0.544895
v 0.768178 -0.382683 -0.513280
v 0.691342 -0.555570 -0.461940
v 0.587938 -0.707107 -0.392847
v 0.461940 -0.831470 -0.308658
v 0.318190 -0.923880 -0.212607
v 0.162212 -0.980785 -0.108386
v 0.180240 0.980785 -0.074658
v 0.353554 0.923880 -0.146446
v 0.513280 0.831470 -0.212607
v 0.653282 0.707107 -0.270598
v 0.768178 0.555570 -0.318189
v 0.853554 0.382683 -0.353553
v 0.906128 0.195090 -0.375330
v 0.923880 0.000000 -0.382683
v 0.906128 -0.195090 -0.375330
v 0.853554 -0.382683 -0.353553
v 0.768178 -0.555570 -0.318189
v 0.653282 -0.707107 -0.270598
v 0.513280 -0.831470 -0.212607
v 0.353554 -0.923880 -0.146446
v 0.180240 -0.980785 -0.074658
v 0.191342 0.980785 -0.038060
v 0.375331 0.923880 -0.074658
v 0.544895 0.831470 -0.108386
v 0.693520 0.707107 -0.137949
v 0.815493 0.555570 -0.162211
v 0.906128 0.382683 -0.180240
v 0.961940 0.195090 -0.191341
v 0.980785 0.000000 -0.195090
v 0.961940 -0.195090 -0.191341
v 0.906128 -0.382683 -0.180240
v 0.815493 -0.555570 -0.162211
v 0.693520 -0.707107 -0.137949
v 0.544895 -0.831470 -0.108386
v 0.375330 -0.923880 -0.074658
v 0.191342 -0.980785 -0.038060
v 0.195091 0.980785 0.000000
v 0.382684 0.923880 0.000000
v 0.555570 0.831470 0.000000
v 0.707107 0.707107 0.000000
v 0.831470 0.555570 0.000000
v 0.923880 0.382683 0.000000
v 0.980785 0.195090 0.000000
v 1.000000 0.000000 0.000000
v 0.980785 -0.195090 0.000000
v 0.923880 -0.382683 0.000000
v 0.831470 -0.555570 0.000000
v 0.707107 -0.707107 0.000000
v 0.555570 -0.831470 0.000000
v 0.382684 -0.923880 0.000000
v 0.195090 -0.980785 0.000000
v 0.191342 0.980785 0.038061
v 0.375331 0.923880 0.074658
v 0.544895 0.831470 0.108387
v 0.693520 0.707107 0.137950
v 0.815493 0.555570 0.162212
v 0.906128 0.382683 0.180240
v 0.961940 0.195090 0.191342
v 0.980785 0.000000 0.195091
v 0.961940 -0.195090 0.191342
v 0.906128 -0.382683 0.180240
v 0.815493 -0.555570 0.162212
v 0.693520 -0.707107 0.137950
v 0.544895 -0.831470 0.108387
v 0.375330 -0.923880 0.074658
v 0.191342 -0.980785 0.038061
v 0.180240 0.980785 0.074658
v 0.353554 0.923880 0.146447
v 0.513280 0.831470 0.212608
v 0.653282 0.707107 0.270598
v 0.768178 0.555570 0.318190
v 0.853554 0.382683 0.353554
v 0.906127 0.195090 0.375331
v 0.923880 0.000000 0.382684
v 0.906127 -0.195090 0.375331
v 0.853554 -0.382683 0.353554
v 0.768178 -0.555570 0.318190
v 0.653282 -0.707107 0.270598
v 0.513280 -0.831470 0.212608
v 0.353553 -0.923880 0.146447
v 0.180240 -0.980785 0.074658
v 0.162212 0.980785 0.108387
v 0.318190 0.923880 0.212608
v 0.461940 0.831470 0.308659
v 0.587938 0.707107 0.392848
v 0.691342 0.555570 0.461940
v 0.768178 0.382683 0.513280
v 0.815493 0.195090 0.544895
v 0.831470 0.000000 0.555571
v 0.815493 -0.195090 0.544895
v 0.768178 -0.382683 0.513280
v 0.691342 -0.555570 0.461940
v 0.587938 -0.707107 0.392848
v 0.461940 -0.831470 0.308659
v 0.318190 -0.923880 0.212608
v 0.162212 -0.980785 0.108387
v 0.137950 0.980785 0.137950
v 0.270598 0.923880 0.270599
v 0.392848 0.831470 0.392848
v 0.500000 0.707107 0.500000
v 0.587938 0.555570 0.587938
v 0.653282 0.382683 0.653282
v 0.693520 0.195090 0.693520
v 0.707107 0.000000 0.707107
v 0.693520 -0.195090 0.693520
v 0.653282 -0.382683 0.653282
v 0.587938 -0.555570 0.587938
v 0.500000 -0.707107 0.500000
v 0.392848 -0.831470 0.392848
v 0.270598 -0.923880 0.270598
v 0.137950 -0.980785 0.137950
v 0.108386 0.980785 0.162212
v 0.212608 0.923880 0.318190
v 0.308658 0.831470 0.461940
v 0.392848 0.707107 0.587938
v 0.461940 0.555570 0.691342
v 0.513280 0.382683 0.768178
v 0.544895 0.195090 0.815493
v 0.555570 0.000000 0.831470
v 0.544895 -0.195090 0.815493
v 0.513280 -0.382683 0.768178
v 0.461940 -0.555570 0.691342
v 0.392848 -0.707107 0.587938
v 0.308658 -0.831470 0.461940
v 0.212608 -0.923880 0.318190
v 0.108386 -0.980785 0.162212
v 0.000000 -1.000000 0.000000
v 0.074658 0.980785 0.180240
v 0.146447 0.923880 0.353554
v 0.212608 0.831470 0.513280
v 0.270598 0.707107 0.653282
v 0.318190 0.555570 0.768178
v 0.353553 0.382683 0.853554
v 0.375330 0.195090 0.906128
v 0.382683 0.000000 0.923880
v 0.375330 -0.195090 0.906128
v 0.353553 -0.382683 0.853554
v 0.318190 -0.555570 0.768178
v 0.270598 -0.707107 0.653282
v 0.212608 -0.831470 0.513280
v 0.146447 -0.923880 0.353554
v 0.074658 -0.980785 0.180240
v 0.038060 0.980785 0.191342
v 0.074658 0.923880 0.375331
v 0.108386 0.831470 0.544896
v 0.137950 0.707107 0.693520
v 0.162212 0.555570 0.815493
v 0.180240 0.382683 0.906128
v 0.191342 0.195090 0.961940
v 0.195090 0.000000 0.980786
v 0.191342 -0.195090 0.961940
v 0.180240 -0.382683 0.906128
v 0.162212 -0.555570 0.815493
v 0.137950 -0.707107 0.693520
v 0.108386 -0.831470 0.544895
v 0.074658 -0.923880 0.375331
v 0.038060 -0.980785 0.191342
v -0.000000 0.980785 0.195091
v 0.000000 0.923880 0.382684
v 0.000000 0.831470 0.555571
v -0.000000 0.707107 0.707107
v -0.000000 0.555570 0.831470
v 0.000000 0.382683 0.923880
v -0.000000 0.195090 0.980785
v -0.000000 0.000000 1.000000
v -0.000000 -0.195090 0.980785
v 0.000000 -0.382683 0.923880
v -0.000000 -0.555570 0.831470
v -0.000000 -0.707107 0.707107
v -0.000000 -0.831470 0.555570
v 0.000000 -0.923880 0.382684
v 0.000000 -0.980785 0.195091
v -0.038060 0.980785 0.191342
v -0.074658 0.923880 0.375331
v -0.108386 0.831470 0.544896
v -0.137950 0.707107 0.693520
v -0.162212 0.555570 0.815493
v -0.180240 0.382683 0.906128
v -0.191342 0.195090 0.961940
v -0.195090 0.000000 0.980786
v -0.191342 -0.195090 0.961940
v -0.180240 -0.382683 0.906128
v -0.162212 -0.555570 0.815493
v -0.137950 -0.707107 0.693520
v -0.108386 -0.831470 0.544895
v -0.074658 -0.923880 0.375331
v -0.038060 -0.980785 0.191342
v -0.074658 0.980785 0.180240
v -0.146447 0.923880 0.353554
v -0.212608 0.831470 0.513280
v -0.270598 0.707107 0.653282
v -0.318190 0.555570 0.768178
v -0.353553 0.382683 0.853554
v -0.375330 0.195090 0.906127
v -0.382684 0.000000 0.923880
v -0.375330 -0.195090 0.906127
v -0.353553 -0.382683 0.853554
v -0.318190 -0.555570 0.768178
v -0.270598 -0.707107 0.653282
v -0.212608 -0.831470 0.513280
v -0.146447 -0.923880 0.353554
v -0.074658 -0.980785 0.180240
v -0.108386 0.980785 0.162212
v -0.212608 0.923880 0.318190
v -0.308658 0.831470 0.461940
v -0.392847 0.707107 0.587938
v -0.461940 0.555570 0.691342
v -0.513280 0.382683 0.768178
v -0.544895 0.195090 0.815493
v -0.555570 0.000000 0.831470
v -0.544895 -0.195090 0.815493
v -0.513280 -0.382683 0.768178
v -0.461940 -0.555570 0.691342
v -0.392847 -0.707107 0.587938
v -0.308658 -0.831470 0.461940
v -0.212607 -0.923880 0.318190
v -0.108386 -0.980785 0.162212
v -0.000000 1.000000 0.000001
v -0.137950 0.980785 0.137950
v -0.270598 0.923880 0.270598
v -0.392848 0.831470 0.392848
v -0.500000 0.707107 0.500000
v -0.587938 0.555570 0.587938
v -0.653281 0.382683 0.653282
v -0.693520 0.195090 0.693520
v -0.707107 0.000000 0.707107
v -0.693520 -0.195090 0.693520
v -0.653281 -0.382683 0.653282
v -0.587938 -0.555570 0.587938
v -0.500000 -0.707107 0.500000
v -0.392847 -0.831470 0.392848
v -0.270598 -0.923880 0.270598
v -0.137950 -0.980785 0.137950
v -0.162212 0.980785 0.108387
v -0.318190 0.923880 0.212608
v -0.461940 0.831470 0.308659
v -0.587938 0.707107 0.392848
v -0.691342 0.555570 0.461940
v -0.768178 0.382683 0.513280
v -0.815493 0.195090 0.544895
v -0.831470 0.000000 0.555570
v -0.815493 -0.195090 0.544895
v -0.768178 -0.382683 0.513280
v -0.691342 -0.555570 0.461940
v -0.587938 -0.707107 0.392848
v -0.461940 -0.831470 0.308658
v -0.318190 -0.923880 0.212608
v -0.162212 -0.980785 0.108387
v -0.180240 0.980785 0.074658
v -0.353553 0.923880 0.146447
v -0.513280 0.831470 0.212608
v -0.653281 0.707107 0.270598
v -0.768177 0.555570 0.318190
v -0.853553 0.382683 0.353554
v -0.906127 0.195090 0.375330
v -0.923880 0.000000 0.382684
v -0.906127 -0.195090 0.375330
v -0.853553 -0.382683 0.353554
v -0.768177 -0.555570 0.318190
v -0.653281 -0.707107 0.270598
v -0.513280 -0.831470 0.212608
v -0.353553 -0.923880 0.146447
v -0.180240 -0.980785 0.074658
v -0.191342 0.980785 0.038061
v -0.375330 0.923880 0.074658
v -0.544895 0.831470 0.108387
v -0.693520 0.707107 0.137950
v -0.815493 0.555570 0.162212
v -0.906127 0.382683 0.180240
v -0.961939 0.195090 0.191342
v -0.980785 0.000000 0.195090
v -0.961939 -0.195090 0.191342
v -0.906127 -0.382683 0.180240
v -0.815493 -0.555570 0.162212
v -0.693520 -0.707107 0.137950
v -0.544895 -0.831470 0.108387
v -0.375330 -0.923880 0.074658
v -0.191342 -0.980785 0.038061
v -0.195090 0.980785 0.000000
v -0.382683 0.923880 0.000000
v -0.555570 0.831470 0.000000
v -0.707107 0.707107 0.000000
v -0.831469 0.555570 0.000000
v -0.923879 0.382683 0.000000
v -0.980785 0.195090 0.000000
v -1.000000 0.000000 0.000000
v -0.980785 -0.195090 0.000000
v -0.923879 -0.382683 0.000000
v -0.831469 -0.555570 0.000000
v -0.707107 -0.707107 0.000000
v -0.555570 -0.831470 0.000000
v -0.382683 -0.923880 0.000000
v -0.195090 -0.980785 0.000000
v -0.191342 0.980785 -0.038060
v -0.375330 0.923880 -0.074658
v -0.544895 0.831470 -0.108386
v -0.693520 0.707107 -0.137949
v -0.815493 0.555570 -0.162211
v -0.906127 0.382683 -0.180240
v -0.961939 0.195090 -0.191342
v -0.980785 0.000000 -0.195090
v -0.961939 -0.195090 -0.191342
v -0.906127 -0.382683 -0.180240
v -0.815493 -0.555570 -0.162211
v -0.693520 -0.707107 -0.137949
v -0.544895 -0.831470 -0.108386
v -0.375330 -0.923880 -0.074658
v -0.191342 -0.980785 -0.038060
v -0.180240 0.980785 -0.074658
v -0.353553 0.923880 -0.146446
v -0.513280 0.831470 -0.212607
v -0.653281 0.707107 -0.270598
v -0.768177 0.555570 -0.318189
v -0.853553 0.382683 -0.353553
v -0.906127 0.195090 -0.375330
v -0.923879 0.000000 -0.382683
v -0.906127 -0.195090 -0.375330
v -0.853553 -0.382683 -0.353553
v -0.768177 -0.555570 -0.318189
v -0.653281 -0.707107 -0.270598
v -0.513280 -0.831470 -0.212607
v -0.353553 -0.923880 -0.146446
v -0.180240 -0.980785 -0.074657
v -0.162212 0.980785 -0.108386
v -0.318190 0.923880 -0.212607
v -0.461940 0.831470 -0.308658
v -0.587938 0.707107 -0.392847
v -0.691341 0.555570 -0.461939
v -0.768178 0.382683 -0.513280
v -0.815493 0.195090 -0.544895
v -0.831469 0.000000 -0.555570
v -0.815493 -0.195090 -0.544895
v -0.768178 -0.382683 -0.513280
v -0.691341 -0.555570 -0.461939
v -0.587938 -0.707107 -0.392847
v -0.461940 -0.831470 -0.308658
v -0.318189 -0.923880 -0.212607
v -0.162212 -0.980785 -0.108386
v -0.137950 0.980785 -0.137949
v -0.270598 0.923880 -0.270598
v -0.392847 0.831470 -0.392847
v -0.500000 0.707107 -0.500000
v -0.587937 0.555570 -0.587937
v -0.653281 0.382683 -0.653281
v -0.693519 0.195090 -0.693519
v -0.707106 0.000000 -0.707106
v -0.693519 -0.195090 -0.693519
v -0.653281 -0.382683 -0.653281
v -0.587937 -0.555570 -0.587937
v -0.500000 -0.707107 -0.500000
v -0.392847 -0.831470 -0.392847
v -0.270598 -0.923880 -0.270598
v -0.137950 -0.980785 -0.137949
v -0.108386 0.980785 -0.162211
v -0.212607 0.923880 -0.318189
v -0.308658 0.831470 -0.461939
v -0.392847 0.707107 -0.587937
v -0.461939 0.555570 -0.691341
v -0.513280 0.382683 -0.768177
v -0.544895 0.195090 -0.815492
v -0.555570 0.000000 -0.831469
v -0.544895 -0.195090 -0.815492
v -0.513280 -0.382683 -0.768177
v -0.461939 -0.555570 -0.691341
v -0.392847 -0.707107 -0.587937
v -0.308658 -0.831470 -0.461939
v -0.212607 -0.923880 -0.318189
v -0.108386 -0.980785 -0.162211
v -0.074658 0.980785 -0.180240
v -0.146447 0.923880 -0.353553
v -0.212607 0.831470 -0.513280
v -0.270598 0.707107 -0.653281
v -0.318189 0.555570 -0.768177
v -0.353553 0.382683 -0.853553
v -0.375330 0.195090 -0.906127
v -0.382683 0.000000 -0.923879
v -0.375330 -0.195090 -0.906127
v -0.353553 -0.382683 -0.853553
v -0.318189 -0.555570 -0.768177
v -0.270598 -0.707107 -0.653281
v -0.212607 -0.831470 -0.513279
v -0.146446 -0.923880 -0.353553
v -0.074658 -0.980785 -0.180240
v -0.038060 0.980785 -0.191342
v -0.074658 0.923880 -0.375330
v -0.108386 0.831470 -0.544895
v -0.137950 0.707107 -0.693520
v -0.162211 0.555570 -0.815492
v -0.180240 0.382683 -0.906127
v -0.191341 0.195090 -0.961939
v -0.195090 0.000000 -0.980785
v -0.191341 -0.195090 -0.961939
v -0.180240 -0.382683 -0.906127
v -0.162211 -0.555570 -0.815492
v -0.137950 -0.707107 -0.693520
v -0.108386 -0.831470 -0.544895
v -0.074658 -0.923880 -0.375330
v -0.038060 -0.980785 -0.191341
v 0.000000 -0.382683 -0.923879
v 0.000000 -0.555570 -0.831469
v 0.000000 -0.707107 -0.707106
v 0.000000 -0.923880 -0.382683
v 0.000000 -0.980785 -0.195090
vt 0.750000 0.562500
vt 0.718750 0.500000
vt 0.750000 0.500000
vt 0.750000 0.937500
vt 0.734375 1.000000
vt 0.718750 0.937500
vt 0.734375 0.000000
vt 0.750000 0.062500
vt 0.718750 0.062500
vt 0.718750 0.437500
vt 0.750000 0.437500
vt 0.718750 0.875000
vt 0.750000 0.875000
vt 0.718750 0.375000
vt 0.750000 0.375000
vt 0.750000 0.812500
vt 0.718750 0.812500
vt 0.718750 0.312500
vt 0.750000 0.312500
vt 0.718750 0.750000
vt 0.750000 0.750000
vt 0.718750 0.250000
vt 0.750000 0.250000
vt 0.718750 0.687500
vt 0.750000 0.687500
vt 0.718750 0.187500
vt 0.750000 0.187500
vt 0.718750 0.625000
vt 0.750000 0.625000
vt 0.718750 0.125000
vt 0.750000 0.125000
vt 0.718750 0.562500
vt 0.687500 0.125000
vt 0.687500 0.562500
vt 0.687500 0.062500
vt 0.687500 0.500000
vt 0.703125 1.000000
vt 0.687500 0.937500
vt 0.703125 0.000000
vt 0.687500 0.437500
vt 0.687500 0.875000
vt 0.687500 0.375000
vt 0.687500 0.812500
vt 0.687500 0.312500
vt 0.687500 0.750000
vt 0.687500 0.250000
vt 0.687500 0.687500
vt 0.687500 0.187500
vt 0.687500 0.625000
vt 0.656250 0.375000
vt 0.656250 0.312500
vt 0.656250 0.750000
vt 0.656250 0.250000
vt 0.656250 0.687500
vt 0.656250 0.187500
vt 0.656250 0.625000
vt 0.656250 0.125000
vt 0.656250 0.562500
vt 0.656250 0.062500
vt 0.656250 0.500000
vt 0.671875 1.000000
vt 0.656250 0.937500
vt 0.671875 0.000000
vt 0.656250 0.437500
vt 0.656250 0.875000
vt 0.656250 0.812500
vt 0.625000 0.062500
vt 0.625000 0.562500
vt 0.625000 0.500000
vt 0.640625 1.000000
vt 0.625000 0.937500
vt 0.640625 0.000000
vt 0.625000 0.437500
vt 0.625000 0.875000
vt 0.625000 0.375000
vt 0.625000 0.812500
vt 0.625000 0.312500
vt 0.625000 0.750000
vt 0.625000 0.250000
vt 0.625000 0.687500
vt 0.625000 0.187500
vt 0.625000 0.625000
vt 0.625000 0.125000
vt 0.593750 0.750000
vt 0.593750 0.250000
vt 0.593750 0.687500
vt 0.593750 0.187500
vt 0.593750 0.625000
vt 0.593750 0.125000
vt 0.593750 0.562500
vt 0.593750 0.062500
vt 0.593750 0.500000
vt 0.609375 1.000000
vt 0.593750 0.937500
vt 0.609375 0.000000
vt 0.593750 0.437500
vt 0.593750 0.875000
vt 0.593750 0.375000
vt 0.593750 0.812500
vt 0.593750 0.312500
vt 0.562500 0.500000
vt 0.578125 1.000000
vt 0.562500 0.937500
vt 0.578125 0.000000
vt 0.562500 0.062500
vt 0.562500 0.437500
vt 0.562500 0.875000
vt 0.562500 0.375000
vt 0.562500 0.812500
vt 0.562500 0.312500
vt 0.562500 0.750000
vt 0.562500 0.250000
vt 0.562500 0.687500
vt 0.562500 0.187500
vt 0.562500 0.625000
vt 0.562500 0.125000
vt 0.562500 0.562500
vt 0.531250 0.312500
vt 0.531250 0.250000
vt 0.531250 0.687500
vt 0.531250 0.187500
vt 0.531250 0.625000
vt 0.531250 0.125000
vt 0.531250 0.562500
vt 0.531250 0.062500
vt 0.531250 0.500000
vt 0.546875 1.000000
vt 0.531250 0.937500
vt 0.546875 0.000000
vt 0.531250 0.437500
vt 0.531250 0.875000
vt 0.531250 0.375000
vt 0.531250 0.812500
vt 0.531250 0.750000
vt 0.515625 1.000000
vt 0.500000 0.937500
vt 0.515625 0.000000
vt 0.500000 0.062500
vt 0.500000 0.500000
vt 0.500000 0.437500
vt 0.500000 0.875000
vt 0.500000 0.375000
vt 0.500000 0.812500
vt 0.500000 0.312500
vt 0.500000 0.750000
vt 0.500000 0.250000
vt 0.500000 0.687500
vt 0.500000 0.187500
vt 0.500000 0.625000
vt 0.500000 0.125000
vt 0.500000 0.562500
vt 0.468750 0.750000
vt 0.468750 0.687500
vt 0.468750 0.250000
vt 0.468750 0.187500
vt 0.468750 0.625000
vt 0.468750 0.125000
vt 0.468750 0.562500
vt 0.468750 0.062500
vt 0.468750 0.500000
vt 0.484374 1.000000
vt 0.468750 0.937500
vt 0.484375 0.000000
vt 0.468750 0.437500
vt 0.468750 0.875000
vt 0.468750 0.375000
vt 0.468750 0.812500
vt 0.468750 0.312500
vt 0.437500 0.437500
vt 0.437500 0.875000
vt 0.437500 0.375000
vt 0.437500 0.812500
vt 0.437500 0.312500
vt 0.437500 0.750000
vt 0.437500 0.250000
vt 0.437500 0.687500
vt 0.437500 0.187500
vt 0.437500 0.625000
vt 0.437500 0.125000
vt 0.437500 0.562500
vt 0.437500 0.062500
vt 0.437500 0.500000
vt 0.453124 1.000000
vt 0.437500 0.937500
vt 0.453125 0.000000
vt 0.406250 0.250000
vt 0.406250 0.187500
vt 0.406250 0.625000
vt 0.406250 0.125000
vt 0.406250 0.562500
vt 0.406250 0.062500
vt 0.406250 0.500000
vt 0.421874 1.000000
vt 0.406250 0.937500
vt 0.421875 0.000000
vt 0.406250 0.437500
vt 0.406250 0.875000
vt 0.406250 0.375000
vt 0.406250 0.812500
vt 0.406250 0.312500
vt 0.406250 0.750000
vt 0.406250 0.687500
vt 0.375000 0.375000
vt 0.375000 0.812500
vt 0.375000 0.312500
vt 0.375000 0.750000
vt 0.375000 0.250000
vt 0.375000 0.687500
vt 0.375000 0.187500
vt 0.375000 0.625000
vt 0.375000 0.125000
vt 0.375000 0.562500
vt 0.375000 0.062500
vt 0.375000 0.500000
vt 0.390625 1.000000
vt 0.375000 0.937500
vt 0.390625 0.000000
vt 0.375000 0.437500
vt 0.375000 0.875000
vt 0.343750 0.125000
vt 0.343750 0.625000
vt 0.343750 0.562500
vt 0.343750 0.062500
vt 0.343750 0.500000
vt 0.359375 1.000000
vt 0.343750 0.937500
vt 0.359375 0.000000
vt 0.343750 0.437500
vt 0.343750 0.875000
vt 0.343750 0.375000
vt 0.343750 0.812500
vt 0.343750 0.312500
vt 0.343750 0.750000
vt 0.343750 0.250000
vt 0.343750 0.687500
vt 0.343750 0.187500
vt 0.312500 0.875000
vt 0.312500 0.812500
vt 0.312500 0.375000
vt 0.312500 0.312500
vt 0.312500 0.750000
vt 0.312500 0.250000
vt 0.312500 0.687500
vt 0.312500 0.187500
vt 0.312500 0.625000
vt 0.312500 0.125000
vt 0.312500 0.562500
vt 0.312500 0.062500
vt 0.312500 0.500000
vt 0.328125 1.000000
vt 0.312500 0.937500
vt 0.328125 0.000000
vt 0.312500 0.437500
vt 0.281250 0.625000
vt 0.281250 0.562500
vt 0.281250 0.125000
vt 0.281250 0.062500
vt 0.281250 0.500000
vt 0.296875 1.000000
vt 0.281250 0.937500
vt 0.296875 0.000000
vt 0.281250 0.437500
vt 0.281250 0.875000
vt 0.281250 0.375000
vt 0.281250 0.812500
vt 0.281250 0.312500
vt 0.281250 0.750000
vt 0.281250 0.250000
vt 0.281250 0.687500
vt 0.281250 0.187500
vt 0.250000 0.375000
vt 0.250000 0.312500
vt 0.250000 0.812500
vt 0.250000 0.750000
vt 0.250000 0.250000
vt 0.250000 0.687500
vt 0.250000 0.187500
vt 0.250000 0.625000
vt 0.250000 0.125000
vt 0.250000 0.562500
vt 0.250000 0.062500
vt 0.250000 0.500000
vt 0.265625 1.000000
vt 0.250000 0.937500
vt 0.265625 0.000000
vt 0.250000 0.437500
vt 0.250000 0.875000
vt 0.218750 0.062500
vt 0.218750 0.500000
vt 0.234375 1.000000
vt 0.218750 0.937500
vt 0.234375 0.000000
vt 0.218750 0.437500
vt 0.218750 0.875000
vt 0.218750 0.375000
vt 0.218750 0.812500
vt 0.218750 0.312500
vt 0.218750 0.750000
vt 0.218750 0.250000
vt 0.218750 0.687500
vt 0.218750 0.187500
vt 0.218750 0.625000
vt 0.218750 0.125000
vt 0.218750 0.562500
vt 0.187500 0.812500
vt 0.187500 0.750000
vt 0.187500 0.250000
vt 0.187500 0.687500
vt 0.187500 0.187500
vt 0.187500 0.625000
vt 0.187500 0.125000
vt 0.187500 0.562500
vt 0.187500 0.062500
vt 0.187500 0.500000
vt 0.203125 1.000000
vt 0.187500 0.937500
vt 0.203125 0.000000
vt 0.187500 0.437500
vt 0.187500 0.875000
vt 0.187500 0.375000
vt 0.187500 0.312500
vt 0.156250 0.500000
vt 0.171875 1.000000
vt 0.156250 0.937500
vt 0.171875 0.000000
vt 0.156250 0.062500
vt 0.156250 0.437500
vt 0.156250 0.875000
vt 0.156250 0.375000
vt 0.156250 0.812500
vt 0.156250 0.312500
vt 0.156250 0.750000
vt 0.156250 0.250000
vt 0.156250 0.687500
vt 0.156250 0.187500
vt 0.156250 0.625000
vt 0.156250 0.125000
vt 0.156250 0.562500
vt 0.125000 0.250000
vt 0.125000 0.750000
vt 0.125000 0.687500
vt 0.125000 0.187500
vt 0.125000 0.625000
vt 0.125000 0.125000
vt 0.125000 0.562500
vt 0.125000 0.062500
vt 0.125000 0.500000
vt 0.140625 1.000000
vt 0.125000 0.937500
vt 0.140625 0.000000
vt 0.125000 0.437500
vt 0.125000 0.875000
vt 0.125000 0.375000
vt 0.125000 0.812500
vt 0.125000 0.312500
vt 0.109375 0.000000
vt 0.093750 0.062500
vt 0.093750 0.437500
vt 0.093750 0.875000
vt 0.093750 0.375000
vt 0.093750 0.812500
vt 0.093750 0.312500
vt 0.093750 0.750000
vt 0.093750 0.250000
vt 0.093750 0.687500
vt 0.093750 0.187500
vt 0.093750 0.625000
vt 0.093750 0.125000
vt 0.093750 0.562500
vt 0.093750 0.500000
vt 0.109375 1.000000
vt 0.093750 0.937500
vt 0.062500 0.187500
vt 0.062500 0.625000
vt 0.062500 0.125000
vt 0.062500 0.562500
vt 0.062500 0.062500
vt 0.062500 0.500000
vt 0.078125 1.000000
vt 0.062500 0.937500
vt 0.078125 0.000000
vt 0.062500 0.437500
vt 0.062500 0.875000
vt 0.062500 0.375000
vt 0.062500 0.812500
vt 0.062500 0.312500
vt 0.062500 0.750000
vt 0.062500 0.250000
vt 0.062500 0.687500
vt 0.031250 0.937500
vt 0.031250 0.875000
vt 0.031250 0.375000
vt 0.031250 0.812500
vt 0.031250 0.312500
vt 0.031250 0.750000
vt 0.031250 0.250000
vt 0.031250 0.687500
vt 0.031250 0.187500
vt 0.031250 0.625000
vt 0.031250 0.125000
vt 0.031250 0.562500
vt 0.031250 0.062500
vt 0.031250 0.500000
vt 0.046875 1.000000
vt 0.046875 0.000000
vt 0.031250 0.437500
vt 0.000000 0.625000
vt 0.000000 0.187500
vt 0.000000 0.125000
vt 0.000000 0.562500
vt 0.000000 0.062500
vt 0.000000 0.500000
vt 0.015625 1.000000
vt 0.000000 0.937500
vt 0.015625 0.000000
vt 0.000000 0.437500
vt 0.000000 0.875000
vt 0.000000 0.375000
vt 0.000000 0.812500
vt 0.000000 0.312500
vt 0.000000 0.750000
vt 0.000000 0.250000
vt 0.000000 0.687500
vt 1.000000 0.437500
vt 0.968750 0.375000
vt 1.000000 0.375000
vt 1.000000 0.875000
vt 0.968750 0.812500
vt 1.000000 0.812500
vt 1.000000 0.312500
vt 0.968750 0.312500
vt 1.000000 0.750000
vt 0.968750 0.750000
vt 0.968750 0.250000
vt 1.000000 0.250000
vt 1.000000 0.687500
vt 0.968750 0.687500
vt 0.968750 0.187500
vt 1.000000 0.187500
vt 0.968750 0.625000
vt 1.000000 0.625000
vt 1.000000 0.125000
vt 0.968750 0.125000
vt 1.000000 0.562500
vt 0.968750 0.562500
vt 0.968750 0.062500
vt 1.000000 0.062500
vt 0.968750 0.500000
vt 1.000000 0.500000
vt 1.000000 0.937500
vt 0.984375 1.000000
vt 0.968750 0.937500
vt 0.984375 0.000000
vt 0.968750 0.437500
vt 0.968750 0.875000
vt 0.937500 0.187500
vt 0.937500 0.125000
vt 0.937500 0.625000
vt 0.937500 0.562500
vt 0.937500 0.062500
vt 0.937500 0.500000
vt 0.953125 1.000000
vt 0.937500 0.937500
vt 0.953125 0.000000
vt 0.937500 0.437500
vt 0.937500 0.875000
vt 0.937500 0.375000
vt 0.937500 0.812500
vt 0.937500 0.312500
vt 0.937500 0.750000
vt 0.937500 0.250000
vt 0.937500 0.687500
vt 0.906250 0.875000
vt 0.906250 0.812500
vt 0.906250 0.375000
vt 0.906250 0.312500
vt 0.906250 0.750000
vt 0.906250 0.250000
vt 0.906250 0.687500
vt 0.906250 0.187500
vt 0.906250 0.625000
vt 0.906250 0.125000
vt 0.906250 0.562500
vt 0.906250 0.062500
vt 0.906250 0.500000
vt 0.921875 1.000000
vt 0.906250 0.937500
vt 0.921875 0.000000
vt 0.906250 0.437500
vt 0.875000 0.625000
vt 0.875000 0.562500
vt 0.875000 0.062500
vt 0.875000 0.500000
vt 0.890625 1.000000
vt 0.875000 0.937500
vt 0.890625 0.000000
vt 0.875000 0.437500
vt 0.875000 0.875000
vt 0.875000 0.375000
vt 0.875000 0.812500
vt 0.875000 0.312500
vt 0.875000 0.750000
vt 0.875000 0.250000
vt 0.875000 0.687500
vt 0.875000 0.187500
vt 0.875000 0.125000
vt 0.843750 0.375000
vt 0.843750 0.312500
vt 0.843750 0.750000
vt 0.843750 0.250000
vt 0.843750 0.687500
vt 0.843750 0.187500
vt 0.843750 0.625000
vt 0.843750 0.125000
vt 0.843750 0.562500
vt 0.843750 0.062500
vt 0.843750 0.500000
vt 0.859375 1.000000
vt 0.843750 0.937500
vt 0.859375 0.000000
vt 0.843750 0.437500
vt 0.843750 0.875000
vt 0.843750 0.812500
vt 0.812500 0.062500
vt 0.812500 0.500000
vt 0.828125 1.000000
vt 0.812500 0.937500
vt 0.828125 0.000000
vt 0.812500 0.437500
vt 0.812500 0.875000
vt 0.812500 0.375000
vt 0.812500 0.812500
vt 0.812500 0.312500
vt 0.812500 0.750000
vt 0.812500 0.250000
vt 0.812500 0.687500
vt 0.812500 0.187500
vt 0.812500 0.625000
vt 0.812500 0.125000
vt 0.812500 0.562500
vt 0.781250 0.250000
vt 0.781250 0.750000
vt 0.781250 0.687500
vt 0.781250 0.187500
vt 0.781250 0.625000
vt 0.781250 0.125000
vt 0.781250 0.562500
vt 0.781250 0.062500
vt 0.781250 0.500000
vt 0.796875 1.000000
vt 0.781250 0.937500
vt 0.796875 0.000000
vt 0.781250 0.437500
vt 0.781250 0.875000
vt 0.781250 0.375000
vt 0.781250 0.812500
vt 0.781250 0.312500
vt 0.765625 1.000000
vt 0.765625 0.000000
vn 0.0000 0.1939 -0.9810
vn 0.1951 0.0000 -0.9808
vn 0.0000 0.0000 -1.0000
vn 0.0000 0.9796 -0.2010
vn 0.0000 1.0000 0.0000
vn 0.0392 0.9796 -0.1971
vn 0.0000 -1.0000 0.0000
vn 0.0000 -0.9796 -0.2010
vn 0.0392 -0.9796 -0.1971
vn 0.1914 -0.1939 -0.9622
vn 0.0000 -0.1939 -0.9810
vn 0.0757 0.9217 -0.3804
vn 0.0000 0.9217 -0.3879
vn 0.1804 -0.3805 -0.9070
vn 0.0000 -0.3805 -0.9247
vn 0.0000 0.8286 -0.5598
vn 0.1092 0.8286 -0.5490
vn 0.1626 -0.5528 -0.8173
vn 0.0000 -0.5528 -0.8333
vn 0.1385 0.7040 -0.6965
vn 0.0000 0.7040 -0.7101
vn 0.1385 -0.7040 -0.6965
vn 0.0000 -0.7040 -0.7101
vn 0.1626 0.5528 -0.8173
vn 0.0000 0.5528 -0.8333
vn 0.1092 -0.8286 -0.5490
vn 0.0000 -0.8286 -0.5598
vn 0.1804 0.3805 -0.9070
vn 0.0000 0.3805 -0.9247
vn 0.0757 -0.9217 -0.3804
vn 0.0000 -0.9217 -0.3879
vn 0.1914 0.1939 -0.9622
vn 0.1484 -0.9217 -0.3583
vn 0.3754 0.1939 -0.9063
vn 0.0769 -0.9796 -0.1856
vn 0.3827 0.0000 -0.9239
vn 0.0769 0.9796 -0.1856
vn 0.3754 -0.1939 -0.9063
vn 0.1484 0.9217 -0.3583
vn 0.3539 -0.3805 -0.8544
vn 0.2142 0.8286 -0.5171
vn 0.3189 -0.5528 -0.7699
vn 0.2717 0.7040 -0.6561
vn 0.2717 -0.7040 -0.6561
vn 0.3189 0.5528 -0.7699
vn 0.2142 -0.8286 -0.5171
vn 0.3539 0.3805 -0.8544
vn 0.5137 -0.3805 -0.7689
vn 0.4630 -0.5528 -0.6929
vn 0.3945 0.7040 -0.5904
vn 0.3945 -0.7040 -0.5904
vn 0.4630 0.5528 -0.6929
vn 0.3110 -0.8286 -0.4654
vn 0.5137 0.3805 -0.7689
vn 0.2155 -0.9217 -0.3225
vn 0.5450 0.1939 -0.8157
vn 0.1116 -0.9796 -0.1671
vn 0.5556 0.0000 -0.8314
vn 0.1116 0.9796 -0.1671
vn 0.5450 -0.1939 -0.8157
vn 0.2155 0.9217 -0.3225
vn 0.3110 0.8286 -0.4654
vn 0.1421 -0.9796 -0.1421
vn 0.6937 0.1939 -0.6937
vn 0.7071 0.0000 -0.7071
vn 0.1421 0.9796 -0.1421
vn 0.6937 -0.1939 -0.6937
vn 0.2743 0.9217 -0.2743
vn 0.6539 -0.3805 -0.6539
vn 0.3958 0.8286 -0.3958
vn 0.5893 -0.5528 -0.5893
vn 0.5021 0.7040 -0.5021
vn 0.5021 -0.7040 -0.5021
vn 0.5893 0.5528 -0.5893
vn 0.3958 -0.8286 -0.3958
vn 0.6539 0.3805 -0.6539
vn 0.2743 -0.9217 -0.2743
vn 0.5904 0.7040 -0.3945
vn 0.5904 -0.7040 -0.3945
vn 0.6929 0.5528 -0.4630
vn 0.4654 -0.8286 -0.3110
vn 0.7689 0.3805 -0.5137
vn 0.3225 -0.9217 -0.2155
vn 0.8157 0.1939 -0.5450
vn 0.1671 -0.9796 -0.1116
vn 0.8314 0.0000 -0.5556
vn 0.1671 0.9796 -0.1116
vn 0.8157 -0.1939 -0.5450
vn 0.3225 0.9217 -0.2155
vn 0.7689 -0.3805 -0.5137
vn 0.4654 0.8286 -0.3110
vn 0.6929 -0.5528 -0.4630
vn 0.9239 0.0000 -0.3827
vn 0.1856 0.9796 -0.0769
vn 0.1856 -0.9796 -0.0769
vn 0.9063 -0.1939 -0.3754
vn 0.3583 0.9217 -0.1484
vn 0.8544 -0.3805 -0.3539
vn 0.5171 0.8286 -0.2142
vn 0.7699 -0.5528 -0.3189
vn 0.6561 0.7040 -0.2717
vn 0.6561 -0.7040 -0.2717
vn 0.7699 0.5528 -0.3189
vn 0.5171 -0.8286 -0.2142
vn 0.8544 0.3805 -0.3539
vn 0.3583 -0.9217 -0.1484
vn 0.9063 0.1939 -0.3754
vn 0.8173 -0.5528 -0.1626
vn 0.6965 -0.7040 -0.1385
vn 0.8173 0.5528 -0.1626
vn 0.5490 -0.8286 -0.1092
vn 0.9070 0.3805 -0.1804
vn 0.3804 -0.9217 -0.0757
vn 0.9622 0.1939 -0.1914
vn 0.1971 -0.9796 -0.0392
vn 0.9808 0.0000 -0.1951
vn 0.1971 0.9796 -0.0392
vn 0.9622 -0.1939 -0.1914
vn 0.3804 0.9217 -0.0757
vn 0.9070 -0.3805 -0.1804
vn 0.5490 0.8286 -0.1092
vn 0.6965 0.7040 -0.1385
vn 0.2010 0.9796 0.0000
vn 0.2010 -0.9796 0.0000
vn 1.0000 0.0000 0.0000
vn 0.9810 -0.1939 0.0000
vn 0.3879 0.9217 0.0000
vn 0.9247 -0.3805 0.0000
vn 0.5598 0.8286 0.0000
vn 0.8333 -0.5528 0.0000
vn 0.7101 0.7040 0.0000
vn 0.7101 -0.7040 0.0000
vn 0.8333 0.5528 0.0000
vn 0.5598 -0.8286 0.0000
vn 0.9247 0.3805 0.0000
vn 0.3879 -0.9217 0.0000
vn 0.9810 0.1939 0.0000
vn 0.6965 0.7040 0.1385
vn 0.8173 0.5528 0.1626
vn 0.6965 -0.7040 0.1385
vn 0.5490 -0.8286 0.1092
vn 0.9070 0.3805 0.1804
vn 0.3804 -0.9217 0.0757
vn 0.9622 0.1939 0.1914
vn 0.1971 -0.9796 0.0392
vn 0.9808 0.0000 0.1951
vn 0.1971 0.9796 0.0392
vn 0.9622 -0.1939 0.1914
vn 0.3804 0.9217 0.0757
vn 0.9070 -0.3805 0.1804
vn 0.5490 0.8286 0.1092
vn 0.8173 -0.5528 0.1626
vn 0.9063 -0.1939 0.3754
vn 0.3583 0.9217 0.1484
vn 0.8544 -0.3805 0.3539
vn 0.5171 0.8286 0.2142
vn 0.7699 -0.5528 0.3189
vn 0.6561 0.7040 0.2717
vn 0.6561 -0.7040 0.2717
vn 0.7699 0.5528 0.3189
vn 0.5171 -0.8286 0.2142
vn 0.8544 0.3805 0.3539
vn 0.3583 -0.9217 0.1484
vn 0.9063 0.1939 0.3754
vn 0.1856 -0.9796 0.0769
vn 0.9239 0.0000 0.3827
vn 0.1856 0.9796 0.0769
vn 0.5904 -0.7040 0.3945
vn 0.4654 -0.8286 0.3110
vn 0.7689 0.3805 0.5137
vn 0.3225 -0.9217 0.2155
vn 0.8157 0.1939 0.5450
vn 0.1671 -0.9796 0.1116
vn 0.8314 0.0000 0.5556
vn 0.1671 0.9796 0.1116
vn 0.8157 -0.1939 0.5450
vn 0.3225 0.9217 0.2155
vn 0.7689 -0.3805 0.5137
vn 0.4654 0.8286 0.3110
vn 0.6929 -0.5528 0.4630
vn 0.5904 0.7040 0.3945
vn 0.6929 0.5528 0.4630
vn 0.6539 -0.3805 0.6539
vn 0.3958 0.8286 0.3958
vn 0.5893 -0.5528 0.5893
vn 0.5021 0.7040 0.5021
vn 0.5021 -0.7040 0.5021
vn 0.5893 0.5528 0.5893
vn 0.3958 -0.8286 0.3958
vn 0.6539 0.3805 0.6539
vn 0.2743 -0.9217 0.2743
vn 0.6937 0.1939 0.6937
vn 0.1421 -0.9796 0.1421
vn 0.7071 0.0000 0.7071
vn 0.1421 0.9796 0.1421
vn 0.6937 -0.1939 0.6937
vn 0.2743 0.9217 0.2743
vn 0.2155 -0.9217 0.3225
vn 0.5137 0.3805 0.7689
vn 0.5450 0.1939 0.8157
vn 0.1116 -0.9796 0.1671
vn 0.5556 0.0000 0.8314
vn 0.1116 0.9796 0.1671
vn 0.5450 -0.1939 0.8157
vn 0.2155 0.9217 0.3225
vn 0.5137 -0.3805 0.7689
vn 0.3110 0.8286 0.4654
vn 0.4630 -0.5528 0.6929
vn 0.3945 0.7040 0.5904
vn 0.3945 -0.7040 0.5904
vn 0.4630 0.5528 0.6929
vn 0.3110 -0.8286 0.4654
vn 0.1484 0.9217 0.3583
vn 0.2142 0.8286 0.5171
vn 0.3539 -0.3805 0.8544
vn 0.3189 -0.5528 0.7699
vn 0.2717 0.7040 0.6561
vn 0.2717 -0.7040 0.6561
vn 0.3189 0.5528 0.7699
vn 0.2142 -0.8286 0.5171
vn 0.3539 0.3805 0.8544
vn 0.1484 -0.9217 0.3583
vn 0.3754 0.1939 0.9063
vn 0.0769 -0.9796 0.1856
vn 0.3827 0.0000 0.9239
vn 0.0769 0.9796 0.1856
vn 0.3754 -0.1939 0.9063
vn 0.1804 0.3805 0.9070
vn 0.1914 0.1939 0.9622
vn 0.0757 -0.9217 0.3804
vn 0.0392 -0.9796 0.1971
vn 0.1951 0.0000 0.9808
vn 0.0392 0.9796 0.1971
vn 0.1914 -0.1939 0.9622
vn 0.0757 0.9217 0.3804
vn 0.1804 -0.3805 0.9070
vn 0.1092 0.8286 0.5490
vn 0.1626 -0.5528 0.8173
vn 0.1385 0.7040 0.6965
vn 0.1385 -0.7040 0.6965
vn 0.1626 0.5528 0.8173
vn 0.1092 -0.8286 0.5490
vn 0.0000 -0.3805 0.9247
vn 0.0000 -0.5528 0.8333
vn 0.0000 0.8286 0.5598
vn 0.0000 0.7040 0.7101
vn 0.0000 -0.7040 0.7101
vn 0.0000 0.5528 0.8333
vn 0.0000 -0.8286 0.5598
vn 0.0000 0.3805 0.9247
vn 0.0000 -0.9217 0.3879
vn 0.0000 0.1939 0.9810
vn 0.0000 -0.9796 0.2010
vn 0.0000 0.0000 1.0000
vn 0.0000 0.9796 0.2010
vn 0.0000 -0.1939 0.9810
vn 0.0000 0.9217 0.3879
vn -0.0392 -0.9796 0.1971
vn -0.1951 0.0000 0.9808
vn -0.0392 0.9796 0.1971
vn -0.1914 -0.1939 0.9622
vn -0.0757 0.9217 0.3804
vn -0.1804 -0.3805 0.9070
vn -0.1092 0.8286 0.5490
vn -0.1626 -0.5528 0.8173
vn -0.1385 0.7040 0.6965
vn -0.1385 -0.7040 0.6965
vn -0.1626 0.5528 0.8173
vn -0.1092 -0.8286 0.5490
vn -0.1804 0.3805 0.9070
vn -0.0757 -0.9217 0.3804
vn -0.1914 0.1939 0.9622
vn -0.2142 0.8286 0.5171
vn -0.2717 0.7040 0.6561
vn -0.2717 -0.7040 0.6561
vn -0.3189 0.5528 0.7699
vn -0.2142 -0.8286 0.5171
vn -0.3539 0.3805 0.8544
vn -0.1484 -0.9217 0.3583
vn -0.3754 0.1939 0.9063
vn -0.0769 -0.9796 0.1856
vn -0.3827 0.0000 0.9239
vn -0.0769 0.9796 0.1856
vn -0.3754 -0.1939 0.9063
vn -0.1484 0.9217 0.3583
vn -0.3539 -0.3805 0.8544
vn -0.3189 -0.5528 0.7699
vn -0.5556 0.0000 0.8314
vn -0.1116 0.9796 0.1671
vn -0.1116 -0.9796 0.1671
vn -0.5450 -0.1939 0.8157
vn -0.2155 0.9217 0.3225
vn -0.5137 -0.3805 0.7689
vn -0.3110 0.8286 0.4654
vn -0.4630 -0.5528 0.6929
vn -0.3945 0.7040 0.5904
vn -0.3945 -0.7040 0.5904
vn -0.4630 0.5528 0.6929
vn -0.3110 -0.8286 0.4654
vn -0.5137 0.3805 0.7689
vn -0.2155 -0.9217 0.3225
vn -0.5450 0.1939 0.8157
vn -0.5021 -0.7040 0.5021
vn -0.5021 0.7040 0.5021
vn -0.5893 0.5528 0.5893
vn -0.3958 -0.8286 0.3958
vn -0.6539 0.3805 0.6539
vn -0.2743 -0.9217 0.2743
vn -0.6937 0.1939 0.6937
vn -0.1421 -0.9796 0.1421
vn -0.7071 0.0000 0.7071
vn -0.1421 0.9796 0.1421
vn -0.6937 -0.1939 0.6937
vn -0.2743 0.9217 0.2743
vn -0.6539 -0.3805 0.6539
vn -0.3958 0.8286 0.3958
vn -0.5893 -0.5528 0.5893
vn -0.1671 -0.9796 0.1116
vn -0.8157 -0.1939 0.5450
vn -0.3225 0.9217 0.2155
vn -0.7689 -0.3805 0.5137
vn -0.4654 0.8286 0.3110
vn -0.6929 -0.5528 0.4630
vn -0.5904 0.7040 0.3945
vn -0.5904 -0.7040 0.3945
vn -0.6929 0.5528 0.4630
vn -0.4654 -0.8286 0.3110
vn -0.7689 0.3805 0.5137
vn -0.3225 -0.9217 0.2155
vn -0.8157 0.1939 0.5450
vn -0.8314 0.0000 0.5556
vn -0.1671 0.9796 0.1116
vn -0.5171 -0.8286 0.2142
vn -0.8544 0.3805 0.3539
vn -0.3583 -0.9217 0.1484
vn -0.9063 0.1939 0.3754
vn -0.1856 -0.9796 0.0769
vn -0.9239 0.0000 0.3827
vn -0.1856 0.9796 0.0769
vn -0.9063 -0.1939 0.3754
vn -0.3583 0.9217 0.1484
vn -0.8544 -0.3805 0.3539
vn -0.5171 0.8286 0.2142
vn -0.7699 -0.5528 0.3189
vn -0.6561 0.7040 0.2717
vn -0.6561 -0.7040 0.2717
vn -0.7699 0.5528 0.3189
vn -0.1971 0.9796 0.0392
vn -0.3804 0.9217 0.0757
vn -0.9070 -0.3805 0.1804
vn -0.5490 0.8286 0.1092
vn -0.8173 -0.5528 0.1626
vn -0.6965 0.7040 0.1385
vn -0.6965 -0.7040 0.1385
vn -0.8173 0.5528 0.1626
vn -0.5490 -0.8286 0.1092
vn -0.9070 0.3805 0.1804
vn -0.3804 -0.9217 0.0757
vn -0.9622 0.1939 0.1914
vn -0.1971 -0.9796 0.0392
vn -0.9808 0.0000 0.1951
vn -0.9622 -0.1939 0.1914
vn -0.9247 0.3805 0.0000
vn -0.5598 -0.8286 0.0000
vn -0.3879 -0.9217 0.0000
vn -0.9810 0.1939 0.0000
vn -0.2010 -0.9796 0.0000
vn -1.0000 0.0000 0.0000
vn -0.2010 0.9796 0.0000
vn -0.9810 -0.1939 0.0000
vn -0.3879 0.9217 0.0000
vn -0.9247 -0.3805 0.0000
vn -0.5598 0.8286 0.0000
vn -0.8333 -0.5528 0.0000
vn -0.7101 0.7040 0.0000
vn -0.7101 -0.7040 0.0000
vn -0.8333 0.5528 0.0000
vn -0.9070 -0.3805 -0.1804
vn -0.5490 0.8286 -0.1092
vn -0.8173 -0.5528 -0.1626
vn -0.6965 0.7040 -0.1385
vn -0.6965 -0.7040 -0.1385
vn -0.8173 0.5528 -0.1626
vn -0.5490 -0.8286 -0.1092
vn -0.9070 0.3805 -0.1804
vn -0.3804 -0.9217 -0.0757
vn -0.9622 0.1939 -0.1914
vn -0.1971 -0.9796 -0.0392
vn -0.9808 0.0000 -0.1951
vn -0.1971 0.9796 -0.0392
vn -0.9622 -0.1939 -0.1914
vn -0.3804 0.9217 -0.0757
vn -0.5171 -0.8286 -0.2142
vn -0.3583 -0.9217 -0.1484
vn -0.8544 0.3805 -0.3539
vn -0.9063 0.1939 -0.3754
vn -0.1856 -0.9796 -0.0769
vn -0.9239 0.0000 -0.3827
vn -0.1856 0.9796 -0.0769
vn -0.9063 -0.1939 -0.3754
vn -0.3583 0.9217 -0.1484
vn -0.8544 -0.3805 -0.3539
vn -0.5171 0.8286 -0.2142
vn -0.7699 -0.5528 -0.3189
vn -0.6561 0.7040 -0.2717
vn -0.6561 -0.7040 -0.2717
vn -0.7699 0.5528 -0.3189
vn -0.3225 0.9217 -0.2155
vn -0.4654 0.8286 -0.3110
vn -0.7689 -0.3805 -0.5137
vn -0.6929 -0.5528 -0.4630
vn -0.5904 0.7040 -0.3945
vn -0.5904 -0.7040 -0.3945
vn -0.6929 0.5528 -0.4630
vn -0.4654 -0.8286 -0.3110
vn -0.7689 0.3805 -0.5137
vn -0.3225 -0.9217 -0.2155
vn -0.8157 0.1939 -0.5450
vn -0.1671 -0.9796 -0.1116
vn -0.8314 0.0000 -0.5556
vn -0.1671 0.9796 -0.1116
vn -0.8157 -0.1939 -0.5450
vn -0.6539 0.3805 -0.6539
vn -0.6937 0.1939 -0.6937
vn -0.1421 -0.9796 -0.1421
vn -0.7071 0.0000 -0.7071
vn -0.1421 0.9796 -0.1421
vn -0.6937 -0.1939 -0.6937
vn -0.2743 0.9217 -0.2743
vn -0.6539 -0.3805 -0.6539
vn -0.3958 0.8286 -0.3958
vn -0.5893 -0.5528 -0.5893
vn -0.5021 0.7040 -0.5021
vn -0.5021 -0.7040 -0.5021
vn -0.5893 0.5528 -0.5893
vn -0.3958 -0.8286 -0.3958
vn -0.2743 -0.9217 -0.2743
vn -0.5137 -0.3805 -0.7689
vn -0.4630 -0.5528 -0.6929
vn -0.3945 0.7040 -0.5904
vn -0.3945 -0.7040 -0.5904
vn -0.4630 0.5528 -0.6929
vn -0.3110 -0.8286 -0.4654
vn -0.5137 0.3805 -0.7689
vn -0.2155 -0.9217 -0.3225
vn -0.5450 0.1939 -0.8157
vn -0.1116 -0.9796 -0.1671
vn -0.5556 0.0000 -0.8314
vn -0.1116 0.9796 -0.1671
vn -0.5450 -0.1939 -0.8157
vn -0.2155 0.9217 -0.3225
vn -0.3110 0.8286 -0.4654
vn -0.0769 -0.9796 -0.1856
vn -0.3827 0.0000 -0.9239
vn -0.0769 0.9796 -0.1856
vn -0.3754 -0.1939 -0.9063
vn -0.1484 0.9217 -0.3583
vn -0.3539 -0.3805 -0.8544
vn -0.2142 0.8286 -0.5171
vn -0.3189 -0.5528 -0.7699
vn -0.2717 0.7040 -0.6561
vn -0.2717 -0.7040 -0.6561
vn -0.3189 0.5528 -0.7699
vn -0.2142 -0.8286 -0.5171
vn -0.3539 0.3805 -0.8544
vn -0.1484 -0.9217 -0.3583
vn -0.3754 0.1939 -0.9063
vn -0.1385 -0.7040 -0.6965
vn -0.1385 0.7040 -0.6965
vn -0.1626 0.5528 -0.8173
vn -0.1092 -0.8286 -0.5490
vn -0.1804 0.3805 -0.9070
vn -0.0757 -0.9217 -0.3804
vn -0.1914 0.1939 -0.9622
vn -0.0392 -0.9796 -0.1971
vn -0.1951 0.0000 -0.9808
vn -0.0392 0.9796 -0.1971
vn -0.1914 -0.1939 -0.9622
vn -0.0757 0.9217 -0.3804
vn -0.1804 -0.3805 -0.9070
vn -0.1092 0.8286 -0.5490
vn -0.1626 -0.5528 -0.8173
s 1
f 7/1/1 18/2/2 8/3/3
f 1/4/4 297/5/5 11/6/6
f 206/7/7 482/8/8 25/9/9
f 8/3/3 19/10/10 9/11/11
f 1/4/4 12/12/12 2/13/13
f 9/11/11 20/14/14 478/15/15
f 3/16/16 12/12/12 13/17/17
f 478/15/15 21/18/18 479/19/19
f 3/16/16 14/20/20 4/21/21
f 479/19/19 22/22/22 480/23/23
f 4/21/21 15/24/24 5/25/25
f 480/23/23 23/26/26 10/27/27
f 5/25/25 16/28/28 6/29/29
f 10/27/27 24/30/30 481/31/31
f 6/29/29 17/32/32 7/1/1
f 481/31/31 25/9/9 482/8/8
f 23/26/26 39/33/33 24/30/30
f 16/28/28 32/34/34 17/32/32
f 24/30/30 40/35/35 25/9/9
f 17/32/32 33/36/36 18/2/2
f 11/6/6 297/37/5 26/38/37
f 206/39/7 25/9/9 40/35/35
f 19/10/10 33/36/36 34/40/38
f 11/6/6 27/41/39 12/12/12
f 20/14/14 34/40/38 35/42/40
f 12/12/12 28/43/41 13/17/17
f 20/14/14 36/44/42 21/18/18
f 13/17/17 29/45/43 14/20/20
f 22/22/22 36/44/42 37/46/44
f 14/20/20 30/47/45 15/24/24
f 22/22/22 38/48/46 23/26/26
f 15/24/24 31/49/47 16/28/28
f 36/44/42 50/50/48 51/51/49
f 28/43/41 44/52/50 29/45/43
f 37/46/44 51/51/49 52/53/51
f 29/45/43 45/54/52 30/47/45
f 37/46/44 53/55/53 38/48/46
f 30/47/45 46/56/54 31/49/47
f 38/48/46 54/57/55 39/33/33
f 32/34/34 46/56/54 47/58/56
f 39/33/33 55/59/57 40/35/35
f 32/34/34 48/60/58 33/36/36
f 26/38/37 297/61/5 41/62/59
f 206/63/7 40/35/35 55/59/57
f 33/36/36 49/64/60 34/40/38
f 26/38/37 42/65/61 27/41/39
f 34/40/38 50/50/48 35/42/40
f 27/41/39 43/66/62 28/43/41
f 54/57/55 70/67/63 55/59/57
f 48/60/58 62/68/64 63/69/65
f 41/62/59 297/70/5 56/71/66
f 206/72/7 55/59/57 70/67/63
f 48/60/58 64/73/67 49/64/60
f 41/62/59 57/74/68 42/65/61
f 49/64/60 65/75/69 50/50/48
f 42/65/61 58/76/70 43/66/62
f 51/51/49 65/75/69 66/77/71
f 43/66/62 59/78/72 44/52/50
f 51/51/49 67/79/73 52/53/51
f 44/52/50 60/80/74 45/54/52
f 52/53/51 68/81/75 53/55/53
f 45/54/52 61/82/76 46/56/54
f 53/55/53 69/83/77 54/57/55
f 46/56/54 62/68/64 47/58/56
f 58/76/70 74/84/78 59/78/72
f 66/77/71 82/85/79 67/79/73
f 60/80/74 74/84/78 75/86/80
f 68/81/75 82/85/79 83/87/81
f 60/80/74 76/88/82 61/82/76
f 69/83/77 83/87/81 84/89/83
f 61/82/76 77/90/84 62/68/64
f 69/83/77 85/91/85 70/67/63
f 63/69/65 77/90/84 78/92/86
f 56/71/66 297/93/5 71/94/87
f 206/95/7 70/67/63 85/91/85
f 63/69/65 79/96/88 64/73/67
f 56/71/66 72/97/89 57/74/68
f 64/73/67 80/98/90 65/75/69
f 57/74/68 73/99/91 58/76/70
f 66/77/71 80/98/90 81/100/92
f 77/90/84 93/101/93 78/92/86
f 71/94/87 297/102/5 86/103/94
f 206/104/7 85/91/85 100/105/95
f 78/92/86 94/106/96 79/96/88
f 71/94/87 87/107/97 72/97/89
f 79/96/88 95/108/98 80/98/90
f 72/97/89 88/109/99 73/99/91
f 81/100/92 95/108/98 96/110/100
f 73/99/91 89/111/101 74/84/78
f 82/85/79 96/110/100 97/112/102
f 75/86/80 89/111/101 90/113/103
f 82/85/79 98/114/104 83/87/81
f 75/86/80 91/115/105 76/88/82
f 84/89/83 98/114/104 99/116/106
f 77/90/84 91/115/105 92/117/107
f 84/89/83 100/105/95 85/91/85
f 97/112/102 111/118/108 112/119/109
f 89/111/101 105/120/110 90/113/103
f 97/112/102 113/121/111 98/114/104
f 90/113/103 106/122/112 91/115/105
f 98/114/104 114/123/113 99/116/106
f 92/117/107 106/122/112 107/124/114
f 100/105/95 114/123/113 115/125/115
f 92/117/107 108/126/116 93/101/93
f 86/103/94 297/127/5 101/128/117
f 206/129/7 100/105/95 115/125/115
f 93/101/93 109/130/118 94/106/96
f 86/103/94 102/131/119 87/107/97
f 94/106/96 110/132/120 95/108/98
f 87/107/97 103/133/121 88/109/99
f 96/110/100 110/132/120 111/118/108
f 89/111/101 103/133/121 104/134/122
f 101/128/117 297/135/5 116/136/123
f 206/137/7 115/125/115 130/138/124
f 109/130/118 123/139/125 124/140/126
f 101/128/117 117/141/127 102/131/119
f 109/130/118 125/142/128 110/132/120
f 102/131/119 118/143/129 103/133/121
f 111/118/108 125/142/128 126/144/130
f 103/133/121 119/145/131 104/134/122
f 111/118/108 127/146/132 112/119/109
f 104/134/122 120/147/133 105/120/110
f 113/121/111 127/146/132 128/148/134
f 105/120/110 121/149/135 106/122/112
f 114/123/113 128/148/134 129/150/136
f 107/124/114 121/149/135 122/151/137
f 115/125/115 129/150/136 130/138/124
f 107/124/114 123/139/125 108/126/116
f 120/147/133 134/152/138 135/153/139
f 128/148/134 142/154/140 143/155/141
f 120/147/133 136/156/142 121/149/135
f 128/148/134 144/157/143 129/150/136
f 122/151/137 136/156/142 137/158/144
f 130/138/124 144/157/143 145/159/145
f 122/151/137 138/160/146 123/139/125
f 116/136/123 297/161/5 131/162/147
f 206/163/7 130/138/124 145/159/145
f 123/139/125 139/164/148 124/140/126
f 117/141/127 131/162/147 132/165/149
f 124/140/126 140/166/150 125/142/128
f 117/141/127 133/167/151 118/143/129
f 126/144/130 140/166/150 141/168/152
f 118/143/129 134/152/138 119/145/131
f 126/144/130 142/154/140 127/146/132
f 138/160/146 154/169/153 139/164/148
f 131/162/147 147/170/154 132/165/149
f 139/164/148 155/171/155 140/166/150
f 133/167/151 147/170/154 148/172/156
f 141/168/152 155/171/155 156/173/157
f 133/167/151 149/174/158 134/152/138
f 141/168/152 157/175/159 142/154/140
f 134/152/138 150/176/160 135/153/139
f 142/154/140 158/177/161 143/155/141
f 135/153/139 151/178/162 136/156/142
f 144/157/143 158/177/161 159/179/163
f 137/158/144 151/178/162 152/180/164
f 144/157/143 160/181/165 145/159/145
f 137/158/144 153/182/166 138/160/146
f 131/162/147 297/183/5 146/184/167
f 206/185/7 145/159/145 160/181/165
f 158/177/161 172/186/168 173/187/169
f 150/176/160 166/188/170 151/178/162
f 158/177/161 174/189/171 159/179/163
f 152/180/164 166/188/170 167/190/172
f 159/179/163 175/191/173 160/181/165
f 152/180/164 168/192/174 153/182/166
f 146/184/167 297/193/5 161/194/175
f 206/195/7 160/181/165 175/191/173
f 154/169/153 168/192/174 169/196/176
f 146/184/167 162/197/177 147/170/154
f 154/169/153 170/198/178 155/171/155
f 147/170/154 163/199/179 148/172/156
f 156/173/157 170/198/178 171/200/180
f 148/172/156 164/201/181 149/174/158
f 156/173/157 172/186/168 157/175/159
f 150/176/160 164/201/181 165/202/182
f 169/196/176 185/203/183 170/198/178
f 162/197/177 178/204/184 163/199/179
f 170/198/178 186/205/185 171/200/180
f 163/199/179 179/206/186 164/201/181
f 171/200/180 187/207/187 172/186/168
f 164/201/181 180/208/188 165/202/182
f 173/187/169 187/207/187 188/209/189
f 165/202/182 181/210/190 166/188/170
f 173/187/169 189/211/191 174/189/171
f 167/190/172 181/210/190 182/212/192
f 175/191/173 189/211/191 190/213/193
f 167/190/172 183/214/194 168/192/174
f 161/194/175 297/215/5 176/216/195
f 206/217/7 175/191/173 190/213/193
f 168/192/174 184/218/196 169/196/176
f 161/194/175 177/219/197 162/197/177
f 188/209/189 204/220/198 189/211/191
f 182/212/192 196/221/199 197/222/200
f 190/213/193 204/220/198 205/223/201
f 182/212/192 198/224/202 183/214/194
f 176/216/195 297/225/5 191/226/203
f 206/227/7 190/213/193 205/223/201
f 184/218/196 198/224/202 199/228/204
f 176/216/195 192/229/205 177/219/197
f 184/218/196 200/230/206 185/203/183
f 177/219/197 193/231/207 178/204/184
f 186/205/185 200/230/206 201/232/208
f 179/206/186 193/231/207 194/233/209
f 186/205/185 202/234/210 187/207/187
f 180/208/188 194/233/209 195/235/211
f 188/209/189 202/234/210 203/236/212
f 180/208/188 196/221/199 181/210/190
f 193/231/207 208/237/213 209/238/214
f 201/232/208 216/239/215 217/240/216
f 193/231/207 210/241/217 194/233/209
f 201/232/208 218/242/218 202/234/210
f 194/233/209 211/243/219 195/235/211
f 203/236/212 218/242/218 219/244/220
f 195/235/211 212/245/221 196/221/199
f 203/236/212 220/246/222 204/220/198
f 197/222/200 212/245/221 213/247/223
f 204/220/198 221/248/224 205/223/201
f 197/222/200 214/249/225 198/224/202
f 191/226/203 297/250/5 207/251/226
f 206/252/7 205/223/201 221/248/224
f 198/224/202 215/253/227 199/228/204
f 191/226/203 208/237/213 192/229/205
f 199/228/204 216/239/215 200/230/206
f 213/247/223 227/254/228 228/255/229
f 221/248/224 235/256/230 236/257/231
f 213/247/223 229/258/232 214/249/225
f 207/251/226 297/259/5 222/260/233
f 206/261/7 221/248/224 236/257/231
f 214/249/225 230/262/234 215/253/227
f 207/251/226 223/263/235 208/237/213
f 215/253/227 231/264/236 216/239/215
f 208/237/213 224/265/237 209/238/214
f 217/240/216 231/264/236 232/266/238
f 209/238/214 225/267/239 210/241/217
f 217/240/216 233/268/240 218/242/218
f 210/241/217 226/269/241 211/243/219
f 218/242/218 234/270/242 219/244/220
f 211/243/219 227/254/228 212/245/221
f 219/244/220 235/256/230 220/246/222
f 232/266/238 246/271/243 247/272/244
f 225/267/239 239/273/245 240/274/246
f 232/266/238 248/275/247 233/268/240
f 225/267/239 241/276/248 226/269/241
f 234/270/242 248/275/247 249/277/249
f 226/269/241 242/278/250 227/254/228
f 234/270/242 250/279/251 235/256/230
f 228/255/229 242/278/250 243/280/252
f 236/257/231 250/279/251 251/281/253
f 228/255/229 244/282/254 229/258/232
f 222/260/233 297/283/5 237/284/255
f 206/285/7 236/257/231 251/281/253
f 229/258/232 245/286/256 230/262/234
f 222/260/233 238/287/257 223/263/235
f 230/262/234 246/271/243 231/264/236
f 224/265/237 238/287/257 239/273/245
f 250/279/251 266/288/258 251/281/253
f 243/280/252 259/289/259 244/282/254
f 237/284/255 297/290/5 252/291/260
f 206/292/7 251/281/253 266/288/258
f 244/282/254 260/293/261 245/286/256
f 237/284/255 253/294/262 238/287/257
f 245/286/256 261/295/263 246/271/243
f 238/287/257 254/296/264 239/273/245
f 247/272/244 261/295/263 262/297/265
f 240/274/246 254/296/264 255/298/266
f 247/272/244 263/299/267 248/275/247
f 241/276/248 255/298/266 256/300/268
f 248/275/247 264/301/269 249/277/249
f 241/276/248 257/302/270 242/278/250
f 249/277/249 265/303/271 250/279/251
f 243/280/252 257/302/270 258/304/272
f 255/298/266 269/305/273 270/306/274
f 262/297/265 278/307/275 263/299/267
f 256/300/268 270/306/274 271/308/276
f 263/299/267 279/309/277 264/301/269
f 256/300/268 272/310/278 257/302/270
f 265/303/271 279/309/277 280/311/279
f 258/304/272 272/310/278 273/312/280
f 266/288/258 280/311/279 281/313/281
f 258/304/272 274/314/282 259/289/259
f 252/291/260 297/315/5 267/316/283
f 206/317/7 266/288/258 281/313/281
f 260/293/261 274/314/282 275/318/284
f 252/291/260 268/319/285 253/294/262
f 260/293/261 276/320/286 261/295/263
f 253/294/262 269/305/273 254/296/264
f 262/297/265 276/320/286 277/321/287
f 273/312/280 289/322/288 274/314/282
f 267/316/283 297/323/5 282/324/289
f 206/325/7 281/313/281 296/326/290
f 274/314/282 290/327/291 275/318/284
f 267/316/283 283/328/292 268/319/285
f 275/318/284 291/329/293 276/320/286
f 268/319/285 284/330/294 269/305/273
f 277/321/287 291/329/293 292/331/295
f 269/305/273 285/332/296 270/306/274
f 277/321/287 293/333/297 278/307/275
f 271/308/276 285/332/296 286/334/298
f 279/309/277 293/333/297 294/335/299
f 271/308/276 287/336/300 272/310/278
f 279/309/277 295/337/301 280/311/279
f 273/312/280 287/336/300 288/338/302
f 281/313/281 295/337/301 296/326/290
f 292/331/295 309/339/303 293/333/297
f 286/334/298 301/340/304 302/341/305
f 293/333/297 310/342/306 294/335/299
f 286/334/298 303/343/307 287/336/300
f 294/335/299 311/344/308 295/337/301
f 288/338/302 303/343/307 304/345/309
f 295/337/301 312/346/310 296/326/290
f 289/322/288 304/345/309 305/347/311
f 282/324/289 297/348/5 298/349/312
f 206/350/7 296/326/290 312/346/310
f 289/322/288 306/351/313 290/327/291
f 282/324/289 299/352/314 283/328/292
f 290/327/291 307/353/315 291/329/293
f 283/328/292 300/354/316 284/330/294
f 292/331/295 307/353/315 308/355/317
f 285/332/296 300/354/316 301/340/304
f 206/356/7 312/346/310 327/357/318
f 305/347/311 321/358/319 306/351/313
f 298/349/312 314/359/320 299/352/314
f 306/351/313 322/360/321 307/353/315
f 299/352/314 315/361/322 300/354/316
f 308/355/317 322/360/321 323/362/323
f 301/340/304 315/361/322 316/363/324
f 308/355/317 324/364/325 309/339/303
f 302/341/305 316/363/324 317/365/326
f 309/339/303 325/366/327 310/342/306
f 302/341/305 318/367/328 303/343/307
f 311/344/308 325/366/327 326/368/329
f 304/345/309 318/367/328 319/369/330
f 311/344/308 327/357/318 312/346/310
f 304/345/309 320/370/331 305/347/311
f 298/349/312 297/371/5 313/372/332
f 324/364/325 340/373/333 325/366/327
f 317/365/326 333/374/334 318/367/328
f 326/368/329 340/373/333 341/375/335
f 319/369/330 333/374/334 334/376/336
f 327/357/318 341/375/335 342/377/337
f 319/369/330 335/378/338 320/370/331
f 313/372/332 297/379/5 328/380/339
f 206/381/7 327/357/318 342/377/337
f 320/370/331 336/382/340 321/358/319
f 313/372/332 329/383/341 314/359/320
f 321/358/319 337/384/342 322/360/321
f 314/359/320 330/385/343 315/361/322
f 323/362/323 337/384/342 338/386/344
f 316/363/324 330/385/343 331/387/345
f 324/364/325 338/386/344 339/388/346
f 317/365/326 331/387/345 332/389/347
f 329/383/341 343/390/348 344/391/349
f 336/382/340 352/392/350 337/384/342
f 329/383/341 345/393/351 330/385/343
f 338/386/344 352/392/350 353/394/352
f 331/387/345 345/393/351 346/395/353
f 338/386/344 354/396/354 339/388/346
f 332/389/347 346/395/353 347/397/355
f 339/388/346 355/398/356 340/373/333
f 332/389/347 348/399/357 333/374/334
f 341/375/335 355/398/356 356/400/358
f 334/376/336 348/399/357 349/401/359
f 341/375/335 357/402/360 342/377/337
f 334/376/336 350/403/361 335/378/338
f 328/380/339 297/404/5 343/390/348
f 206/405/7 342/377/337 357/402/360
f 335/378/338 351/406/362 336/382/340
f 347/397/355 363/407/363 348/399/357
f 356/400/358 370/408/364 371/409/365
f 349/401/359 363/407/363 364/410/366
f 356/400/358 372/411/367 357/402/360
f 349/401/359 365/412/368 350/403/361
f 343/390/348 297/413/5 358/414/369
f 206/415/7 357/402/360 372/411/367
f 351/406/362 365/412/368 366/416/370
f 344/391/349 358/414/369 359/417/371
f 351/406/362 367/418/372 352/392/350
f 344/391/349 360/419/373 345/393/351
f 353/394/352 367/418/372 368/420/374
f 346/395/353 360/419/373 361/421/375
f 353/394/352 369/422/376 354/396/354
f 346/395/353 362/423/377 347/397/355
f 355/398/356 369/422/376 370/408/364
f 366/424/370 382/425/378 367/426/372
f 359/427/371 375/428/379 360/429/373
f 368/430/374 382/425/378 383/431/380
f 361/432/375 375/428/379 376/433/381
f 368/430/374 384/434/382 369/435/376
f 362/436/377 376/433/381 377/437/383
f 369/435/376 385/438/384 370/439/364
f 362/436/377 378/440/385 363/441/363
f 371/442/365 385/438/384 386/443/386
f 364/444/366 378/440/385 379/445/387
f 371/442/365 387/446/388 372/447/367
f 364/444/366 380/448/389 365/449/368
f 358/450/369 297/451/5 373/452/390
f 206/453/7 372/447/367 387/446/388
f 366/424/370 380/448/389 381/454/391
f 359/427/371 373/452/390 374/455/392
f 386/443/386 400/456/393 401/457/394
f 379/445/387 393/458/395 394/459/396
f 386/443/386 402/460/397 387/446/388
f 379/445/387 395/461/398 380/448/389
f 373/452/390 297/462/5 388/463/399
f 206/464/7 387/446/388 402/460/397
f 380/448/389 396/465/400 381/454/391
f 373/452/390 389/466/401 374/455/392
f 381/454/391 397/467/402 382/425/378
f 374/455/392 390/468/403 375/428/379
f 383/431/380 397/467/402 398/469/404
f 376/433/381 390/468/403 391/470/405
f 383/431/380 399/471/406 384/434/382
f 376/433/381 392/472/407 377/437/383
f 384/434/382 400/456/393 385/438/384
f 377/437/383 393/458/395 378/440/385
f 390/468/403 404/473/408 405/474/409
f 398/469/404 412/475/410 413/476/411
f 391/470/405 405/474/409 406/477/412
f 398/469/404 414/478/413 399/471/406
f 392/472/407 406/477/412 407/479/414
f 399/471/406 415/480/415 400/456/393
f 392/472/407 408/481/416 393/458/395
f 401/457/394 415/480/415 416/482/417
f 394/459/396 408/481/416 409/483/418
f 401/457/394 417/484/419 402/460/397
f 394/459/396 410/485/420 395/461/398
f 388/463/399 297/486/5 403/487/421
f 206/488/7 402/460/397 417/484/419
f 396/465/400 410/485/420 411/489/422
f 388/463/399 404/473/408 389/466/401
f 396/465/400 412/475/410 397/467/402
f 409/483/418 423/490/423 424/491/424
f 416/482/417 432/492/425 417/484/419
f 409/483/418 425/493/426 410/485/420
f 403/487/421 297/494/5 418/495/427
f 206/496/7 417/484/419 432/492/425
f 411/489/422 425/493/426 426/497/428
f 403/487/421 419/498/429 404/473/408
f 411/489/422 427/499/430 412/475/410
f 404/473/408 420/500/431 405/474/409
f 413/476/411 427/499/430 428/501/432
f 405/474/409 421/502/433 406/477/412
f 413/476/411 429/503/434 414/478/413
f 407/479/414 421/502/433 422/504/435
f 414/478/413 430/505/436 415/480/415
f 407/479/414 423/490/423 408/481/416
f 415/480/415 431/506/437 416/482/417
f 428/501/432 442/507/438 443/508/439
f 420/500/431 436/509/440 421/502/433
f 428/501/432 444/510/441 429/503/434
f 422/504/435 436/509/440 437/511/442
f 430/505/436 444/510/441 445/512/443
f 422/504/435 438/513/444 423/490/423
f 430/505/436 446/514/445 431/506/437
f 424/491/424 438/513/444 439/515/446
f 431/506/437 447/516/447 432/492/425
f 425/493/426 439/515/446 440/517/448
f 418/495/427 297/518/5 433/519/449
f 206/520/7 432/492/425 447/516/447
f 425/493/426 441/521/450 426/497/428
f 418/495/427 434/522/451 419/498/429
f 426/497/428 442/507/438 427/499/430
f 419/498/429 435/523/452 420/500/431
f 446/514/445 462/524/453 447/516/447
f 439/515/446 455/525/454 440/517/448
f 433/519/449 297/526/5 448/527/455
f 206/528/7 447/516/447 462/524/453
f 440/517/448 456/529/456 441/521/450
f 434/522/451 448/527/455 449/530/457
f 441/521/450 457/531/458 442/507/438
f 435/523/452 449/530/457 450/532/459
f 443/508/439 457/531/458 458/533/460
f 436/509/440 450/532/459 451/534/461
f 443/508/439 459/535/462 444/510/441
f 437/511/442 451/534/461 452/536/463
f 444/510/441 460/537/464 445/512/443
f 437/511/442 453/538/465 438/513/444
f 445/512/443 461/539/466 446/514/445
f 439/515/446 453/538/465 454/540/467
f 458/533/460 474/541/468 459/535/462
f 452/536/463 466/542/469 467/543/470
f 459/535/462 475/544/471 460/537/464
f 452/536/463 468/545/472 453/538/465
f 460/537/464 476/546/473 461/539/466
f 454/540/467 468/545/472 469/547/474
f 462/524/453 476/546/473 477/548/475
f 454/540/467 470/549/476 455/525/454
f 448/527/455 297/550/5 463/551/477
f 206/552/7 462/524/453 477/548/475
f 455/525/454 471/553/478 456/529/456
f 448/527/455 464/554/479 449/530/457
f 456/529/456 472/555/480 457/531/458
f 449/530/457 465/556/481 450/532/459
f 458/533/460 472/555/480 473/557/482
f 450/532/459 466/542/469 451/534/461
f 463/551/477 297/558/5 1/4/4
f 206/559/7 477/548/475 482/8/8
f 470/549/476 9/11/11 471/553/478
f 464/554/479 1/4/4 2/13/13
f 471/553/478 478/15/15 472/555/480
f 465/556/481 2/13/13 3/16/16
f 473/557/482 478/15/15 479/19/19
f 466/542/469 3/16/16 4/21/21
f 473/557/482 480/23/23 474/541/468
f 467/543/470 4/21/21 5/25/25
f 474/541/468 10/27/27 475/544/471
f 468/545/472 5/25/25 6/29/29
f 475/544/471 481/31/31 476/546/473
f 469/547/474 6/29/29 7/1/1
f 476/546/473 482/8/8 477/548/475
f 470/549/476 7/1/1 8/3/3
f 7/1/1 17/32/32 18/2/2
f 8/3/3 18/2/2 19/10/10
f 1/4/4 11/6/6 12/12/12
f 9/11/11 19/10/10 20/14/14
f 3/16/16 2/13/13 12/12/12
f 478/15/15 20/14/14 21/18/18
f 3/16/16 13/17/17 14/20/20
f 479/19/19 21/18/18 22/22/22
f 4/21/21 14/20/20 15/24/24
f 480/23/23 22/22/22 23/26/26
f 5/25/25 15/24/24 16/28/28
f 10/27/27 23/26/26 24/30/30
f 6/29/29 16/28/28 17/32/32
f 481/31/31 24/30/30 25/9/9
f 23/26/26 38/48/46 39/33/33
f 16/28/28 31/49/47 32/34/34
f 24/30/30 39/33/33 40/35/35
f 17/32/32 32/34/34 33/36/36
f 19/10/10 18/2/2 33/36/36
f 11/6/6 26/38/37 27/41/39
f 20/14/14 19/10/10 34/40/38
f 12/12/12 27/41/39 28/43/41
f 20/14/14 35/42/40 36/44/42
f 13/17/17 28/43/41 29/45/43
f 22/22/22 21/18/18 36/44/42
f 14/20/20 29/45/43 30/47/45
f 22/22/22 37/46/44 38/48/46
f 15/24/24 30/47/45 31/49/47
f 36/44/42 35/42/40 50/50/48
f 28/43/41 43/66/62 44/52/50
f 37/46/44 36/44/42 51/51/49
f 29/45/43 44/52/50 45/54/52
f 37/46/44 52/53/51 53/55/53
f 30/47/45 45/54/52 46/56/54
f 38/48/46 53/55/53 54/57/55
f 32/34/34 31/49/47 46/56/54
f 39/33/33 54/57/55 55/59/57
f 32/34/34 47/58/56 48/60/58
f 33/36/36 48/60/58 49/64/60
f 26/38/37 41/62/59 42/65/61
f 34/40/38 49/64/60 50/50/48
f 27/41/39 42/65/61 43/66/62
f 54/57/55 69/83/77 70/67/63
f 48/60/58 47/58/56 62/68/64
f 48/60/58 63/69/65 64/73/67
f 41/62/59 56/71/66 57/74/68
f 49/64/60 64/73/67 65/75/69
f 42/65/61 57/74/68 58/76/70
f 51/51/49 50/50/48 65/75/69
f 43/66/62 58/76/70 59/78/72
f 51/51/49 66/77/71 67/79/73
f 44/52/50 59/78/72 60/80/74
f 52/53/51 67/79/73 68/81/75
f 45/54/52 60/80/74 61/82/76
f 53/55/53 68/81/75 69/83/77
f 46/56/54 61/82/76 62/68/64
f 58/76/70 73/99/91 74/84/78
f 66/77/71 81/100/92 82/85/79
f 60/80/74 59/78/72 74/84/78
f 68/81/75 67/79/73 82/85/79
f 60/80/74 75/86/80 76/88/82
f 69/83/77 68/81/75 83/87/81
f 61/82/76 76/88/82 77/90/84
f 69/83/77 84/89/83 85/91/85
f 63/69/65 62/68/64 77/90/84
f 63/69/65 78/92/86 79/96/88
f 56/71/66 71/94/87 72/97/89
f 64/73/67 79/96/88 80/98/90
f 57/74/68 72/97/89 73/99/91
f 66/77/71 65/75/69 80/98/90
f 77/90/84 92/117/107 93/101/93
f 78/92/86 93/101/93 94/106/96
f 71/94/87 86/103/94 87/107/97
f 79/96/88 94/106/96 95/108/98
f 72/97/89 87/107/97 88/109/99
f 81/100/92 80/98/90 95/108/98
f 73/99/91 88/109/99 89/111/101
f 82/85/79 81/100/92 96/110/100
f 75/86/80 74/84/78 89/111/101
f 82/85/79 97/112/102 98/114/104
f 75/86/80 90/113/103 91/115/105
f 84/89/83 83/87/81 98/114/104
f 77/90/84 76/88/82 91/115/105
f 84/89/83 99/116/106 100/105/95
f 97/112/102 96/110/100 111/118/108
f 89/111/101 104/134/122 105/120/110
f 97/112/102 112/119/109 113/121/111
f 90/113/103 105/120/110 106/122/112
f 98/114/104 113/121/111 114/123/113
f 92/117/107 91/115/105 106/122/112
f 100/105/95 99/116/106 114/123/113
f 92/117/107 107/124/114 108/126/116
f 93/101/93 108/126/116 109/130/118
f 86/103/94 101/128/117 102/131/119
f 94/106/96 109/130/118 110/132/120
f 87/107/97 102/131/119 103/133/121
f 96/110/100 95/108/98 110/132/120
f 89/111/101 88/109/99 103/133/121
f 109/130/118 108/126/116 123/139/125
f 101/128/117 116/136/123 117/141/127
f 109/130/118 124/140/126 125/142/128
f 102/131/119 117/141/127 118/143/129
f 111/118/108 110/132/120 125/142/128
f 103/133/121 118/143/129 119/145/131
f 111/118/108 126/144/130 127/146/132
f 104/134/122 119/145/131 120/147/133
f 113/121/111 112/119/109 127/146/132
f 105/120/110 120/147/133 121/149/135
f 114/123/113 113/121/111 128/148/134
f 107/124/114 106/122/112 121/149/135
f 115/125/115 114/123/113 129/150/136
f 107/124/114 122/151/137 123/139/125
f 120/147/133 119/145/131 134/152/138
f 128/148/134 127/146/132 142/154/140
f 120/147/133 135/153/139 136/156/142
f 128/148/134 143/155/141 144/157/143
f 122/151/137 121/149/135 136/156/142
f 130/138/124 129/150/136 144/157/143
f 122/151/137 137/158/144 138/160/146
f 123/139/125 138/160/146 139/164/148
f 117/141/127 116/136/123 131/162/147
f 124/140/126 139/164/148 140/166/150
f 117/141/127 132/165/149 133/167/151
f 126/144/130 125/142/128 140/166/150
f 118/143/129 133/167/151 134/152/138
f 126/144/130 141/168/152 142/154/140
f 138/160/146 153/182/166 154/169/153
f 131/162/147 146/184/167 147/170/154
f 139/164/148 154/169/153 155/171/155
f 133/167/151 132/165/149 147/170/154
f 141/168/152 140/166/150 155/171/155
f 133/167/151 148/172/156 149/174/158
f 141/168/152 156/173/157 157/175/159
f 134/152/138 149/174/158 150/176/160
f 142/154/140 157/175/159 158/177/161
f 135/153/139 150/176/160 151/178/162
f 144/157/143 143/155/141 158/177/161
f 137/158/144 136/156/142 151/178/162
f 144/157/143 159/179/163 160/181/165
f 137/158/144 152/180/164 153/182/166
f 158/177/161 157/175/159 172/186/168
f 150/176/160 165/202/182 166/188/170
f 158/177/161 173/187/169 174/189/171
f 152/180/164 151/178/162 166/188/170
f 159/179/163 174/189/171 175/191/173
f 152/180/164 167/190/172 168/192/174
f 154/169/153 153/182/166 168/192/174
f 146/184/167 161/194/175 162/197/177
f 154/169/153 169/196/176 170/198/178
f 147/170/154 162/197/177 163/199/179
f 156/173/157 155/171/155 170/198/178
f 148/172/156 163/199/179 164/201/181
f 156/173/157 171/200/180 172/186/168
f 150/176/160 149/174/158 164/201/181
f 169/196/176 184/218/196 185/203/183
f 162/197/177 177/219/197 178/204/184
f 170/198/178 185/203/183 186/205/185
f 163/199/179 178/204/184 179/206/186
f 171/200/180 186/205/185 187/207/187
f 164/201/181 179/206/186 180/208/188
f 173/187/169 172/186/168 187/207/187
f 165/202/182 180/208/188 181/210/190
f 173/187/169 188/209/189 189/211/191
f 167/190/172 166/188/170 181/210/190
f 175/191/173 174/189/171 189/211/191
f 167/190/172 182/212/192 183/214/194
f 168/192/174 183/214/194 184/218/196
f 161/194/175 176/216/195 177/219/197
f 188/209/189 203/236/212 204/220/198
f 182/212/192 181/210/190 196/221/199
f 190/213/193 189/211/191 204/220/198
f 182/212/192 197/222/200 198/224/202
f 184/218/196 183/214/194 198/224/202
f 176/216/195 191/226/203 192/229/205
f 184/218/196 199/228/204 200/230/206
f 177/219/197 192/229/205 193/231/207
f 186/205/185 185/203/183 200/230/206
f 179/206/186 178/204/184 193/231/207
f 186/205/185 201/232/208 202/234/210
f 180/208/188 179/206/186 194/233/209
f 188/209/189 187/207/187 202/234/210
f 180/208/188 195/235/211 196/221/199
f 193/231/207 192/229/205 208/237/213
f 201/232/208 200/230/206 216/239/215
f 193/231/207 209/238/214 210/241/217
f 201/232/208 217/240/216 218/242/218
f 194/233/209 210/241/217 211/243/219
f 203/236/212 202/234/210 218/242/218
f 195/235/211 211/243/219 212/245/221
f 203/236/212 219/244/220 220/246/222
f 197/222/200 196/221/199 212/245/221
f 204/220/198 220/246/222 221/248/224
f 197/222/200 213/247/223 214/249/225
f 198/224/202 214/249/225 215/253/227
f 191/226/203 207/251/226 208/237/213
f 199/228/204 215/253/227 216/239/215
f 213/247/223 212/245/221 227/254/228
f 221/248/224 220/246/222 235/256/230
f 213/247/223 228/255/229 229/258/232
f 214/249/225 229/258/232 230/262/234
f 207/251/226 222/260/233 223/263/235
f 215/253/227 230/262/234 231/264/236
f 208/237/213 223/263/235 224/265/237
f 217/240/216 216/239/215 231/264/236
f 209/238/214 224/265/237 225/267/239
f 217/240/216 232/266/238 233/268/240
f 210/241/217 225/267/239 226/269/241
f 218/242/218 233/268/240 234/270/242
f 211/243/219 226/269/241 227/254/228
f 219/244/220 234/270/242 235/256/230
f 232/266/238 231/264/236 246/271/243
f 225/267/239 224/265/237 239/273/245
f 232/266/238 247/272/244 248/275/247
f 225/267/239 240/274/246 241/276/248
f 234/270/242 233/268/240 248/275/247
f 226/269/241 241/276/248 242/278/250
f 234/270/242 249/277/249 250/279/251
f 228/255/229 227/254/228 242/278/250
f 236/257/231 235/256/230 250/279/251
f 228/255/229 243/280/252 244/282/254
f 229/258/232 244/282/254 245/286/256
f 222/260/233 237/284/255 238/287/257
f 230/262/234 245/286/256 246/271/243
f 224/265/237 223/263/235 238/287/257
f 250/279/251 265/303/271 266/288/258
f 243/280/252 258/304/272 259/289/259
f 244/282/254 259/289/259 260/293/261
f 237/284/255 252/291/260 253/294/262
f 245/286/256 260/293/261 261/295/263
f 238/287/257 253/294/262 254/296/264
f 247/272/244 246/271/243 261/295/263
f 240/274/246 239/273/245 254/296/264
f 247/272/244 262/297/265 263/299/267
f 241/276/248 240/274/246 255/298/266
f 248/275/247 263/299/267 264/301/269
f 241/276/248 256/300/268 257/302/270
f 249/277/249 264/301/269 265/303/271
f 243/280/252 242/278/250 257/302/270
f 255/298/266 254/296/264 269/305/273
f 262/297/265 277/321/287 278/307/275
f 256/300/268 255/298/266 270/306/274
f 263/299/267 278/307/275 279/309/277
f 256/300/268 271/308/276 272/310/278
f 265/303/271 264/301/269 279/309/277
f 258/304/272 257/302/270 272/310/278
f 266/288/258 265/303/271 280/311/279
f 258/304/272 273/312/280 274/314/282
f 260/293/261 259/289/259 274/314/282
f 252/291/260 267/316/283 268/319/285
f 260/293/261 275/318/284 276/320/286
f 253/294/262 268/319/285 269/305/273
f 262/297/265 261/295/263 276/320/286
f 273/312/280 288/338/302 289/322/288
f 274/314/282 289/322/288 290/327/291
f 267/316/283 282/324/289 283/328/292
f 275/318/284 290/327/291 291/329/293
f 268/319/285 283/328/292 284/330/294
f 277/321/287 276/320/286 291/329/293
f 269/305/273 284/330/294 285/332/296
f 277/321/287 292/331/295 293/333/297
f 271/308/276 270/306/274 285/332/296
f 279/309/277 278/307/275 293/333/297
f 271/308/276 286/334/298 287/336/300
f 279/309/277 294/335/299 295/337/301
f 273/312/280 272/310/278 287/336/300
f 281/313/281 280/311/279 295/337/301
f 292/331/295 308/355/317 309/339/303
f 286/334/298 285/332/296 301/340/304
f 293/333/297 309/339/303 310/342/306
f 286/334/298 302/341/305 303/343/307
f 294/335/299 310/342/306 311/344/308
f 288/338/302 287/336/300 303/343/307
f 295/337/301 311/344/308 312/346/310
f 289/322/288 288/338/302 304/345/309
f 289/322/288 305/347/311 306/351/313
f 282/324/289 298/349/312 299/352/314
f 290/327/291 306/351/313 307/353/315
f 283/328/292 299/352/314 300/354/316
f 292/331/295 291/329/293 307/353/315
f 285/332/296 284/330/294 300/354/316
f 305/347/311 320/370/331 321/358/319
f 298/349/312 313/372/332 314/359/320
f 306/351/313 321/358/319 322/360/321
f 299/352/314 314/359/320 315/361/322
f 308/355/317 307/353/315 322/360/321
f 301/340/304 300/354/316 315/361/322
f 308/355/317 323/362/323 324/364/325
f 302/341/305 301/340/304 316/363/324
f 309/339/303 324/364/325 325/366/327
f 302/341/305 317/365/326 318/367/328
f 311/344/308 310/342/306 325/366/327
f 304/345/309 303/343/307 318/367/328
f 311/344/308 326/368/329 327/357/318
f 304/345/309 319/369/330 320/370/331
f 324/364/325 339/388/346 340/373/333
f 317/365/326 332/389/347 333/374/334
f 326/368/329 325/366/327 340/373/333
f 319/369/330 318/367/328 333/374/334
f 327/357/318 326/368/329 341/375/335
f 319/369/330 334/376/336 335/378/338
f 320/370/331 335/378/338 336/382/340
f 313/372/332 328/380/339 329/383/341
f 321/358/319 336/382/340 337/384/342
f 314/359/320 329/383/341 330/385/343
f 323/362/323 322/360/321 337/384/342
f 316/363/324 315/361/322 330/385/343
f 324/364/325 323/362/323 338/386/344
f 317/365/326 316/363/324 331/387/345
f 329/383/341 328/380/339 343/390/348
f 336/382/340 351/406/362 352/392/350
f 329/383/341 344/391/349 345/393/351
f 338/386/344 337/384/342 352/392/350
f 331/387/345 330/385/343 345/393/351
f 338/386/344 353/394/352 354/396/354
f 332/389/347 331/387/345 346/395/353
f 339/388/346 354/396/354 355/398/356
f 332/389/347 347/397/355 348/399/357
f 341/375/335 340/373/333 355/398/356
f 334/376/336 333/374/334 348/399/357
f 341/375/335 356/400/358 357/402/360
f 334/376/336 349/401/359 350/403/361
f 335/378/338 350/403/361 351/406/362
f 347/397/355 362/423/377 363/407/363
f 356/400/358 355/398/356 370/408/364
f 349/401/359 348/399/357 363/407/363
f 356/400/358 371/409/365 372/411/367
f 349/401/359 364/410/366 365/412/368
f 351/406/362 350/403/361 365/412/368
f 344/391/349 343/390/348 358/414/369
f 351/406/362 366/416/370 367/418/372
f 344/391/349 359/417/371 360/419/373
f 353/394/352 352/392/350 367/418/372
f 346/395/353 345/393/351 360/419/373
f 353/394/352 368/420/374 369/422/376
f 346/395/353 361/421/375 362/423/377
f 355/398/356 354/396/354 369/422/376
f 366/424/370 381/454/391 382/425/378
f 359/427/371 374/455/392 375/428/379
f 368/430/374 367/426/372 382/425/378
f 361/432/375 360/429/373 375/428/379
f 368/430/374 383/431/380 384/434/382
f 362/436/377 361/432/375 376/433/381
f 369/435/376 384/434/382 385/438/384
f 362/436/377 377/437/383 378/440/385
f 371/442/365 370/439/364 385/438/384
f 364/444/366 363/441/363 378/440/385
f 371/442/365 386/443/386 387/446/388
f 364/444/366 379/445/387 380/448/389
f 366/424/370 365/449/368 380/448/389
f 359/427/371 358/450/369 373/452/390
f 386/443/386 385/438/384 400/456/393
f 379/445/387 378/440/385 393/458/395
f 386/443/386 401/457/394 402/460/397
f 379/445/387 394/459/396 395/461/398
f 380/448/389 395/461/398 396/465/400
f 373/452/390 388/463/399 389/466/401
f 381/454/391 396/465/400 397/467/402
f 374/455/392 389/466/401 390/468/403
f 383/431/380 382/425/378 397/467/402
f 376/433/381 375/428/379 390/468/403
f 383/431/380 398/469/404 399/471/406
f 376/433/381 391/470/405 392/472/407
f 384/434/382 399/471/406 400/456/393
f 377/437/383 392/472/407 393/458/395
f 390/468/403 389/466/401 404/473/408
f 398/469/404 397/467/402 412/475/410
f 391/470/405 390/468/403 405/474/409
f 398/469/404 413/476/411 414/478/413
f 392/472/407 391/470/405 406/477/412
f 399/471/406 414/478/413 415/480/415
f 392/472/407 407/479/414 408/481/416
f 401/457/394 400/456/393 415/480/415
f 394/459/396 393/458/395 408/481/416
f 401/457/394 416/482/417 417/484/419
f 394/459/396 409/483/418 410/485/420
f 396/465/400 395/461/398 410/485/420
f 388/463/399 403/487/421 404/473/408
f 396/465/400 411/489/422 412/475/410
f 409/483/418 408/481/416 423/490/423
f 416/482/417 431/506/437 432/492/425
f 409/483/418 424/491/424 425/493/426
f 411/489/422 410/485/420 425/493/426
f 403/487/421 418/495/427 419/498/429
f 411/489/422 426/497/428 427/499/430
f 404/473/408 419/498/429 420/500/431
f 413/476/411 412/475/410 427/499/430
f 405/474/409 420/500/431 421/502/433
f 413/476/411 428/501/432 429/503/434
f 407/479/414 406/477/412 421/502/433
f 414/478/413 429/503/434 430/505/436
f 407/479/414 422/504/435 423/490/423
f 415/480/415 430/505/436 431/506/437
f 428/501/432 427/499/430 442/507/438
f 420/500/431 435/523/452 436/509/440
f 428/501/432 443/508/439 444/510/441
f 422/504/435 421/502/433 436/509/440
f 430/505/436 429/503/434 444/510/441
f 422/504/435 437/511/442 438/513/444
f 430/505/436 445/512/443 446/514/445
f 424/491/424 423/490/423 438/513/444
f 431/506/437 446/514/445 447/516/447
f 425/493/426 424/491/424 439/515/446
f 425/493/426 440/517/448 441/521/450
f 418/495/427 433/519/449 434/522/451
f 426/497/428 441/521/450 442/507/438
f 419/498/429 434/522/451 435/523/452
f 446/514/445 461/539/466 462/524/453
f 439/515/446 454/540/467 455/525/454
f 440/517/448 455/525/454 456/529/456
f 434/522/451 433/519/449 448/527/455
f 441/521/450 456/529/456 457/531/458
f 435/523/452 434/522/451 449/530/457
f 443/508/439 442/507/438 457/531/458
f 436/509/440 435/523/452 450/532/459
f 443/508/439 458/533/460 459/535/462
f 437/511/442 436/509/440 451/534/461
f 444/510/441 459/535/462 460/537/464
f 437/511/442 452/536/463 453/538/465
f 445/512/443 460/537/464 461/539/466
f 439/515/446 438/513/444 453/538/465
f 458/533/460 473/557/482 474/541/468
f 452/536/463 451/534/461 466/542/469
f 459/535/462 474/541/468 475/544/471
f 452/536/463 467/543/470 468/545/472
f 460/537/464 475/544/471 476/546/473
f 454/540/467 453/538/465 468/545/472
f 462/524/453 461/539/466 476/546/473
f 454/540/467 469/547/474 470/549/476
f 455/525/454 470/549/476 471/553/478
f 448/527/455 463/551/477 464/554/479
f 456/529/456 471/553/478 472/555/480
f 449/530/457 464/554/479 465/556/481
f 458/533/460 457/531/458 472/555/480
f 450/532/459 465/556/481 466/542/469
f 470/549/476 8/3/3 9/11/11
f 464/554/479 463/551/477 1/4/4
f 471/553/478 9/11/11 478/15/15
f 465/556/481 464/554/479 2/13/13
f 473/557/482 472/555/480 478/15/15
f 466/542/469 465/556/481 3/16/16
f 473/557/482 479/19/19 480/23/23
f 467/543/470 466/542/469 4/21/21
f 474/541/468 480/23/23 10/27/27
f 468/545/472 467/543/470 5/25/25
f 475/544/471 10/27/27 481/31/31
f 469/547/474 468/545/472 6/29/29
f 476/546/473 481/31/31 482/8/8
f 470/549/476 469/547/474 7/1/1
